5 0.9242788461538461 0.6237980769230769 0.14783653846153846 0.203125
5 0.5564903846153846 0.6298076923076923 0.17548076923076922 0.11177884615384616
5 0.3076923076923077 0.6478365384615384 0.056490384615384616 0.17067307692307693
5 0.20072115384615385 0.6875 0.20192307692307693 0.2608173076923077
5 0.054086538461538464 0.6935096153846154 0.10817307692307693 0.2776442307692308
14 0.6370192307692307 0.6778846153846154 0.021634615384615384 0.07451923076923077
14 0.5600961538461539 0.6778846153846154 0.01201923076923077 0.06971153846153846
14 0.5492788461538461 0.6670673076923077 0.009615384615384616 0.03245192307692308
14 0.5192307692307693 0.6802884615384616 0.018028846153846152 0.07451923076923077
14 0.5012019230769231 0.6802884615384616 0.018028846153846152 0.06370192307692307
14 0.4182692307692308 0.6838942307692307 0.015625 0.06610576923076923
14 0.38100961538461536 0.6911057692307693 0.018028846153846152 0.09014423076923077
14 0.3605769230769231 0.6875 0.014423076923076924 0.07451923076923077