10 0.4795673076923077 0.7199519230769231 0.25 0.2932692307692308
14 0.6105769230769231 0.8137019230769231 0.22355769230769232 0.36778846153846156
14 0.3389423076923077 0.8125 0.22596153846153846 0.3701923076923077
4 0.4543269230769231 0.6490384615384616 0.027644230769230768 0.1141826923076923
4 0.47716346153846156 0.6225961538461539 0.021634615384615384 0.1141826923076923
14 0.7151442307692307 0.484375 0.06971153846153846 0.17908653846153846
14 0.34134615384615385 0.546875 0.054086538461538464 0.08052884615384616
14 0.3629807692307692 0.5396634615384616 0.09375 0.14182692307692307
14 0.5612980769230769 0.5384615384615384 0.11778846153846154 0.13341346153846154
14 0.6213942307692307 0.5757211538461539 0.08173076923076923 0.12740384615384615
14 0.6887019230769231 0.7163461538461539 0.11057692307692307 0.32211538461538464
14 0.26802884615384615 0.7283653846153846 0.13942307692307693 0.3629807692307692
14 0.9423076923076923 0.875 0.11177884615384616 0.24519230769230768
8 0.7584134615384616 0.8209134615384616 0.056490384615384616 0.35216346153846156
8 0.7548076923076923 0.6454326923076923 0.04567307692307692 0.13822115384615385