14 0.9831730769230769 0.6790865384615384 0.030048076923076924 0.31850961538461536
14 0.9194711538461539 0.6670673076923077 0.07211538461538461 0.3605769230769231
14 0.8557692307692307 0.5865384615384616 0.039663461538461536 0.2608173076923077
14 0.8882211538461539 0.5769230769230769 0.020432692307692308 0.22235576923076922
14 0.8401442307692307 0.6141826923076923 0.036057692307692304 0.2548076923076923
14 0.8269230769230769 0.6646634615384616 0.030048076923076924 0.17067307692307693
14 0.7716346153846154 0.6322115384615384 0.056490384615384616 0.3269230769230769
14 0.7079326923076923 0.6286057692307693 0.09975961538461539 0.24879807692307693
14 0.019230769230769232 0.6850961538461539 0.038461538461538464 0.4567307692307692
14 0.03245192307692308 0.5288461538461539 0.06370192307692307 0.4026442307692308
6 0.1045673076923077 0.5180288461538461 0.09375 0.18870192307692307
5 0.44711538461538464 0.44591346153846156 0.6298076923076923 0.7716346153846154