10 0.5144230769230769 0.7764423076923077 0.6514423076923077 0.4423076923076923
14 0.8834134615384616 0.7836538461538461 0.17427884615384615 0.4050480769230769
14 0.7704326923076923 0.609375 0.1814903846153846 0.36538461538461536
14 0.8185096153846154 0.4483173076923077 0.10576923076923077 0.1814903846153846
14 0.5745192307692307 0.453125 0.19591346153846154 0.2127403846153846
14 0.35697115384615385 0.5288461538461539 0.12620192307692307 0.2956730769230769
14 0.2764423076923077 0.6466346153846154 0.23197115384615385 0.44591346153846156
14 0.10697115384615384 0.7475961538461539 0.21033653846153846 0.4987980769230769
4 0.734375 0.8918269230769231 0.056490384615384616 0.18389423076923078
4 0.09134615384615384 0.37740384615384615 0.030048076923076924 0.0985576923076923
8 0.9591346153846154 0.625 0.078125 0.24759615384615385