5 0.028846153846153848 0.3485576923076923 0.057692307692307696 0.31850961538461536
5 0.0889423076923077 0.36538461538461536 0.0625 0.140625
6 0.13942307692307693 0.4266826923076923 0.03245192307692308 0.06610576923076923
1 0.2283653846153846 0.6526442307692307 0.02403846153846154 0.18269230769230768
14 0.23557692307692307 0.5480769230769231 0.07451923076923077 0.32091346153846156
14 0.33052884615384615 0.5625 0.06009615384615385 0.3449519230769231
14 0.3701923076923077 0.5072115384615384 0.027644230769230768 0.22235576923076922
14 0.421875 0.6310096153846154 0.07572115384615384 0.4567307692307692
14 0.4807692307692308 0.5913461538461539 0.05048076923076923 0.3605769230769231
14 0.5504807692307693 0.5961538461538461 0.08653846153846154 0.47115384615384615
14 0.5997596153846154 0.6286057692307693 0.08774038461538461 0.47115384615384615
14 0.6382211538461539 0.6670673076923077 0.07572115384615384 0.5588942307692307
14 0.6778846153846154 0.6730769230769231 0.08774038461538461 0.6490384615384616
14 0.7295673076923077 0.6923076923076923 0.13581730769230768 0.6033653846153846
14 0.8269230769230769 0.6850961538461539 0.13822115384615385 0.625
14 0.9254807692307693 0.6850961538461539 0.14543269230769232 0.625