10 0.5865384615384616 0.6694711538461539 0.6838942307692307 0.65625
14 0.5408653846153846 0.2956730769230769 0.16947115384615385 0.2932692307692308
14 0.3894230769230769 0.3137019230769231 0.09975961538461539 0.17908653846153846
14 0.2283653846153846 0.24158653846153846 0.10817307692307693 0.109375
14 0.19951923076923078 0.6622596153846154 0.3581730769230769 0.6694711538461539
14 0.2704326923076923 0.5012019230769231 0.3557692307692308 0.5168269230769231
14 0.054086538461538464 0.33653846153846156 0.09254807692307693 0.2932692307692308
14 0.6057692307692307 0.33413461538461536 0.21153846153846154 0.328125
14 0.7548076923076923 0.3942307692307692 0.17427884615384615 0.3629807692307692
14 0.8425480769230769 0.5901442307692307 0.31009615384615385 0.6165865384615384
14 0.7103365384615384 0.7980769230769231 0.3076923076923077 0.39783653846153844