10 0.6694711538461539 0.6850961538461539 0.6574519230769231 0.625
8 0.8894230769230769 0.8317307692307693 0.21634615384615385 0.33052884615384615
8 0.15865384615384615 0.8245192307692307 0.2536057692307692 0.3449519230769231
14 0.2127403846153846 0.6622596153846154 0.30649038461538464 0.6694711538461539
14 0.265625 0.5480769230769231 0.1875 0.4411057692307692
14 0.3293269230769231 0.4879807692307692 0.1141826923076923 0.3629807692307692
14 0.4098557692307692 0.41947115384615385 0.12740384615384615 0.296875
14 0.4495192307692308 0.38100961538461536 0.078125 0.15625
14 0.3016826923076923 0.24639423076923078 0.08413461538461539 0.2644230769230769
14 0.5649038461538461 0.3173076923076923 0.11057692307692307 0.1346153846153846
14 0.7019230769230769 0.28365384615384615 0.06850961538461539 0.05048076923076923
14 0.7824519230769231 0.28725961538461536 0.0625 0.06850961538461539
14 0.9423076923076923 0.3485576923076923 0.06850961538461539 0.1201923076923077
14 0.7644230769230769 0.6862980769230769 0.328125 0.6153846153846154
14 0.7776442307692307 0.44711538461538464 0.21995192307692307 0.2824519230769231
14 0.7079326923076923 0.40865384615384615 0.10817307692307693 0.25240384615384615
14 0.6838942307692307 0.37740384615384615 0.056490384615384616 0.15865384615384615