8 0.8329326923076923 0.8161057692307693 0.1814903846153846 0.15985576923076922
8 0.8377403846153846 0.6682692307692307 0.19230769230769232 0.19471153846153846
8 0.9747596153846154 0.6538461538461539 0.042067307692307696 0.17067307692307693
8 0.9735576923076923 0.8076923076923077 0.04807692307692308 0.15985576923076922
8 0.5492788461538461 0.6502403846153846 0.05048076923076923 0.19230769230769232
8 0.5480769230769231 0.8064903846153846 0.051682692307692304 0.1466346153846154
8 0.3389423076923077 0.6358173076923077 0.06610576923076923 0.18389423076923078
8 0.3389423076923077 0.7920673076923077 0.06610576923076923 0.14903846153846154
8 0.16346153846153846 0.6418269230769231 0.06971153846153846 0.18990384615384615
8 0.15144230769230768 0.7932692307692307 0.036057692307692304 0.15745192307692307
8 0.14182692307692307 0.14423076923076922 0.056490384615384616 0.1658653846153846
8 0.13581730769230768 0.3137019230769231 0.06850961538461539 0.21033653846153846
8 0.3605769230769231 0.15625 0.07211538461538461 0.17908653846153846
8 0.3545673076923077 0.31009615384615385 0.06370192307692307 0.18389423076923078
8 0.5721153846153846 0.15504807692307693 0.051682692307692304 0.17548076923076922
8 0.578125 0.33653846153846156 0.06850961538461539 0.20793269230769232
8 0.7728365384615384 0.15504807692307693 0.05048076923076923 0.17548076923076922
8 0.7704326923076923 0.31490384615384615 0.04807692307692308 0.1814903846153846
8 0.9795673076923077 0.1502403846153846 0.036057692307692304 0.1622596153846154
8 0.9783653846153846 0.3173076923076923 0.039663461538461536 0.18629807692307693
14 0.8786057692307693 0.6682692307692307 0.1814903846153846 0.22716346153846154
14 0.6418269230769231 0.6706730769230769 0.20432692307692307 0.20552884615384615
14 0.6394230769230769 0.8076923076923077 0.20432692307692307 0.15985576923076922
14 0.41466346153846156 0.7932692307692307 0.1778846153846154 0.15745192307692307
14 0.43149038461538464 0.6394230769230769 0.18389423076923078 0.1971153846153846
14 0.23798076923076922 0.6201923076923077 0.17548076923076922 0.21033653846153846
14 0.23557692307692307 0.7956730769230769 0.171875 0.14182692307692307
14 0.234375 0.31971153846153844 0.20432692307692307 0.20793269230769232
14 0.22355769230769232 0.1466346153846154 0.19591346153846154 0.2127403846153846
14 0.44591346153846156 0.14302884615384615 0.19951923076923078 0.19951923076923078
14 0.453125 0.3557692307692308 0.22235576923076922 0.2644230769230769
14 0.6526442307692307 0.171875 0.1935096153846154 0.23677884615384615
14 0.6995192307692307 0.36658653846153844 0.2704326923076923 0.23677884615384615
14 0.8689903846153846 0.14903846153846154 0.18990384615384615 0.20793269230769232
14 0.8870192307692307 0.3581730769230769 0.22235576923076922 0.2536057692307692
14 0.056490384615384616 0.15144230769230768 0.11177884615384616 0.203125
14 0.11658653846153846 0.34615384615384615 0.22355769230769232 0.2512019230769231