1 0.7524038461538461 0.5949519230769231 0.0625 0.037259615384615384
1 0.7043269230769231 0.5612980769230769 0.051682692307692304 0.03485576923076923
1 0.671875 0.5865384615384616 0.056490384615384616 0.04807692307692308
1 0.5973557692307693 0.5600961538461539 0.042067307692307696 0.042067307692307696
1 0.5697115384615384 0.5865384615384616 0.04807692307692308 0.042067307692307696
1 0.5240384615384616 0.5853365384615384 0.020432692307692308 0.028846153846153848
1 0.49278846153846156 0.5889423076923077 0.04567307692307692 0.042067307692307696
1 0.4375 0.5865384615384616 0.042067307692307696 0.04807692307692308
1 0.38221153846153844 0.5853365384615384 0.036057692307692304 0.039663461538461536
1 0.3293269230769231 0.5877403846153846 0.03365384615384615 0.028846153846153848
1 0.2824519230769231 0.5841346153846154 0.03365384615384615 0.037259615384615384
1 0.24879807692307693 0.5841346153846154 0.030048076923076924 0.037259615384615384
1 0.2127403846153846 0.5769230769230769 0.026442307692307692 0.039663461538461536
1 0.18389423076923078 0.5853365384615384 0.027644230769230768 0.02403846153846154
14 0.7512019230769231 0.5612980769230769 0.038461538461538464 0.06610576923076923
14 0.6959134615384616 0.5348557692307693 0.036057692307692304 0.06129807692307692
14 0.6682692307692307 0.5600961538461539 0.03245192307692308 0.06370192307692307
14 0.59375 0.5336538461538461 0.027644230769230768 0.05889423076923077
14 0.5625 0.5564903846153846 0.03365384615384615 0.056490384615384616
14 0.5084134615384616 0.546875 0.021634615384615384 0.037259615384615384
14 0.49038461538461536 0.5637019230769231 0.03245192307692308 0.06129807692307692
14 0.4326923076923077 0.5588942307692307 0.030048076923076924 0.056490384615384616
14 0.37740384615384615 0.5612980769230769 0.027644230769230768 0.04567307692307692
14 0.3269230769230769 0.5649038461538461 0.021634615384615384 0.037259615384615384
14 0.28125 0.5576923076923077 0.026442307692307692 0.042067307692307696
14 0.24639423076923078 0.5637019230769231 0.020432692307692308 0.03485576923076923
14 0.2127403846153846 0.5625 0.018028846153846152 0.037259615384615384
14 0.1814903846153846 0.5540865384615384 0.020432692307692308 0.037259615384615384