5 0.4110576923076923 0.5276442307692307 0.36177884615384615 0.2980769230769231
14 0.6658653846153846 0.5649038461538461 0.039663461538461536 0.14903846153846154
14 0.7127403846153846 0.5829326923076923 0.054086538461538464 0.15745192307692307
14 0.7475961538461539 0.5757211538461539 0.042067307692307696 0.15504807692307693
14 0.8004807692307693 0.5612980769230769 0.036057692307692304 0.0985576923076923
14 0.9110576923076923 0.5216346153846154 0.04567307692307692 0.06129807692307692
14 0.8846153846153846 0.7055288461538461 0.22596153846153846 0.5841346153846154
14 0.15865384615384615 0.5757211538461539 0.03365384615384615 0.12259615384615384
14 0.03365384615384615 0.703125 0.0673076923076923 0.33413461538461536
14 0.09615384615384616 0.6129807692307693 0.04807692307692308 0.10697115384615384
14 0.06009615384615385 0.6213942307692307 0.04807692307692308 0.203125