8 0.6430288461538461 0.8173076923076923 0.7103365384615384 0.3545673076923077
14 0.7319711538461539 0.5985576923076923 0.5324519230769231 0.4831730769230769
14 0.7295673076923077 0.5480769230769231 0.24158653846153846 0.32211538461538464
14 0.5925480769230769 0.5204326923076923 0.23557692307692307 0.2608173076923077
14 0.5192307692307693 0.49278846153846156 0.1502403846153846 0.1971153846153846
14 0.21995192307692307 0.5384615384615384 0.13942307692307693 0.33653846153846156
14 0.1778846153846154 0.5853365384615384 0.3557692307692308 0.8100961538461539
17 0.10576923076923077 0.8822115384615384 0.21153846153846154 0.21875
14 0.703125 0.35216346153846156 0.09014423076923077 0.13822115384615385
14 0.14903846153846154 0.3954326923076923 0.10216346153846154 0.18990384615384615
14 0.6069711538461539 0.35336538461538464 0.06610576923076923 0.125