10 0.38341346153846156 0.7560096153846154 0.5276442307692307 0.4831730769230769
8 0.078125 0.7548076923076923 0.15144230769230768 0.4795673076923077
14 0.7668269230769231 0.6838942307692307 0.38221153846153844 0.6262019230769231
14 0.6887019230769231 0.6442307692307693 0.21754807692307693 0.5997596153846154
14 0.4795673076923077 0.42788461538461536 0.17548076923076922 0.19951923076923078
14 0.14543269230769232 0.671875 0.23557692307692307 0.6502403846153846
4 0.5384615384615384 0.5 0.039663461538461536 0.1310096153846154
4 0.47596153846153844 0.48677884615384615 0.027644230769230768 0.0985576923076923
4 0.4411057692307692 0.4951923076923077 0.03365384615384615 0.1201923076923077
4 0.4254807692307692 0.5204326923076923 0.030048076923076924 0.10697115384615384
4 0.40384615384615385 0.5588942307692307 0.027644230769230768 0.1141826923076923
14 0.38221153846153844 0.7367788461538461 0.23197115384615385 0.5204326923076923