14 0.4110576923076923 0.5144230769230769 0.042067307692307696 0.09375
14 0.3401442307692308 0.49399038461538464 0.04807692307692308 0.17067307692307693
14 0.040865384615384616 0.5853365384615384 0.03365384615384615 0.09014423076923077
14 0.026442307692307692 0.6322115384615384 0.04567307692307692 0.1045673076923077
14 0.026442307692307692 0.6670673076923077 0.04807692307692308 0.1310096153846154
14 0.028846153846153848 0.7788461538461539 0.057692307692307696 0.16346153846153846
14 0.08533653846153846 0.6213942307692307 0.030048076923076924 0.12740384615384615
14 0.11298076923076923 0.671875 0.054086538461538464 0.19951923076923078
14 0.16947115384615385 0.6862980769230769 0.08413461538461539 0.18509615384615385
8 0.23076923076923078 0.828125 0.0625 0.17067307692307693
8 0.30649038461538464 0.9290865384615384 0.06850961538461539 0.1346153846153846
8 0.13341346153846154 0.8713942307692307 0.09254807692307693 0.24278846153846154
14 0.3004807692307692 0.6959134615384616 0.06610576923076923 0.2824519230769231
14 0.4338942307692308 0.828125 0.056490384615384616 0.3293269230769231
14 0.5120192307692307 0.8137019230769231 0.09615384615384616 0.3581730769230769
14 0.44711538461538464 0.6502403846153846 0.054086538461538464 0.24278846153846154
14 0.5096153846153846 0.6009615384615384 0.03245192307692308 0.203125
14 0.5504807692307693 0.6141826923076923 0.026442307692307692 0.20673076923076922
14 0.5853365384615384 0.6033653846153846 0.038461538461538464 0.22115384615384615
14 0.5793269230769231 0.6322115384615384 0.04567307692307692 0.20673076923076922
14 0.6298076923076923 0.6225961538461539 0.04447115384615385 0.18870192307692307
14 0.671875 0.6009615384615384 0.027644230769230768 0.21754807692307693
14 0.6971153846153846 0.625 0.03365384615384615 0.19230769230769232
14 0.7175480769230769 0.7259615384615384 0.039663461538461536 0.32211538461538464
14 0.8016826923076923 0.6778846153846154 0.051682692307692304 0.26802884615384615
14 0.7644230769230769 0.6274038461538461 0.026442307692307692 0.23918269230769232
14 0.8449519230769231 0.7536057692307693 0.03365384615384615 0.36899038461538464
14 0.8569711538461539 0.5829326923076923 0.03365384615384615 0.15264423076923078
14 0.9026442307692307 0.5492788461538461 0.03365384615384615 0.09735576923076923
14 0.9663461538461539 0.6141826923076923 0.04807692307692308 0.1045673076923077
6 0.28846153846153844 0.6177884615384616 0.3858173076923077 0.2644230769230769
14 0.9086538461538461 0.6213942307692307 0.038461538461538464 0.06850961538461539
14 0.9795673076923077 0.8293269230769231 0.036057692307692304 0.32572115384615385
14 0.9134615384615384 0.8329326923076923 0.1141826923076923 0.31850961538461536
14 0.7067307692307693 0.9387019230769231 0.09014423076923077 0.11538461538461539