15 0.0889423076923077 0.49038461538461536 0.057692307692307696 0.14423076923076922
15 0.14543269230769232 0.4951923076923077 0.051682692307692304 0.14423076923076922
15 0.20793269230769232 0.4951923076923077 0.06370192307692307 0.14423076923076922
15 0.1875 0.2764423076923077 0.08052884615384616 0.30288461538461536
15 0.265625 0.3762019230769231 0.04807692307692308 0.08413461538461539
15 0.26802884615384615 0.49038461538461536 0.06009615384615385 0.14423076923076922
15 0.32572115384615385 0.49038461538461536 0.056490384615384616 0.14423076923076922
15 0.38341346153846156 0.44591346153846156 0.06009615384615385 0.09254807692307693
15 0.4375 0.44591346153846156 0.054086538461538464 0.11177884615384616
15 0.49158653846153844 0.43990384615384615 0.057692307692307696 0.11658653846153846
15 0.5444711538461539 0.3954326923076923 0.056490384615384616 0.15865384615384615
15 0.6057692307692307 0.37259615384615385 0.06370192307692307 0.21394230769230768
15 0.6598557692307693 0.35336538461538464 0.06370192307692307 0.16706730769230768
15 0.7163461538461539 0.3137019230769231 0.06850961538461539 0.171875
15 0.7596153846153846 0.28365384615384615 0.051682692307692304 0.17668269230769232
15 0.8040865384615384 0.24879807692307693 0.04807692307692308 0.1622596153846154
15 0.84375 0.19110576923076922 0.04447115384615385 0.21394230769230768
15 0.6911057692307693 0.5625 0.04567307692307692 0.06490384615384616
15 0.7247596153846154 0.6490384615384616 0.05048076923076923 0.1346153846153846
15 0.6478365384615384 0.5600961538461539 0.06009615384615385 0.125
15 0.6009615384615384 0.5973557692307693 0.057692307692307696 0.125
15 0.5588942307692307 0.5 0.06971153846153846 0.10697115384615384
15 0.4795673076923077 0.5600961538461539 0.06850961538461539 0.171875
15 0.3894230769230769 0.5516826923076923 0.10576923076923077 0.19951923076923078
15 0.2956730769230769 0.6189903846153846 0.08774038461538461 0.12980769230769232
15 0.1935096153846154 0.6442307692307693 0.11057692307692307 0.19110576923076922
15 0.6802884615384616 0.6586538461538461 0.056490384615384616 0.125
15 0.6754807692307693 0.7764423076923077 0.0625 0.16706730769230768
15 0.6129807692307693 0.8040865384615384 0.0625 0.14903846153846154
15 0.5625 0.734375 0.051682692307692304 0.17668269230769232
15 0.49158653846153844 0.7463942307692307 0.078125 0.2091346153846154
15 0.41225961538461536 0.6766826923076923 0.04447115384615385 0.06009615384615385
15 0.36658653846153844 0.6766826923076923 0.04447115384615385 0.07932692307692307
15 0.4375 0.7560096153846154 0.036057692307692304 0.11658653846153846
15 0.38822115384615385 0.7860576923076923 0.07572115384615384 0.16706730769230768
15 0.31850961538461536 0.7740384615384616 0.0625 0.19110576923076922
15 0.21754807692307693 0.8461538461538461 0.15745192307692307 0.27884615384615385