6 0.4807692307692308 0.5985576923076923 0.6658653846153846 0.6586538461538461
6 0.7644230769230769 0.44711538461538464 0.46634615384615385 0.42427884615384615
6 0.16105769230769232 0.25240384615384615 0.09375 0.1201923076923077
6 0.29927884615384615 0.24158653846153846 0.1141826923076923 0.0829326923076923
6 0.4411057692307692 0.2403846153846154 0.12620192307692307 0.08533653846153846
6 0.5588942307692307 0.23918269230769232 0.12620192307692307 0.06610576923076923
6 0.6502403846153846 0.23076923076923078 0.07211538461538461 0.04567307692307692
6 0.6177884615384616 0.20192307692307693 0.06850961538461539 0.028846153846153848
6 0.025240384615384616 0.2548076923076923 0.05048076923076923 0.125
14 0.11658653846153846 0.24519230769230768 0.06370192307692307 0.18629807692307693
14 0.9302884615384616 0.21634615384615385 0.03245192307692308 0.09014423076923077
14 0.8954326923076923 0.21033653846153846 0.038461538461538464 0.10096153846153846
14 0.7271634615384616 0.19831730769230768 0.03365384615384615 0.06129807692307692
14 0.5865384615384616 0.20793269230769232 0.039663461538461536 0.12259615384615384
14 0.22956730769230768 0.2247596153846154 0.038461538461538464 0.1310096153846154
14 0.3545673076923077 0.21153846153846154 0.026442307692307692 0.109375
14 0.40384615384615385 0.19831730769230768 0.027644230769230768 0.05048076923076923
14 0.3125 0.18509615384615385 0.018028846153846152 0.03485576923076923
14 0.33413461538461536 0.19951923076923078 0.020432692307692308 0.06370192307692307