16 0.5793269230769231 0.8569711538461539 0.08653846153846154 0.1466346153846154
16 0.4675480769230769 0.8209134615384616 0.05048076923076923 0.1346153846153846
16 0.3641826923076923 0.8209134615384616 0.06009615384615385 0.0985576923076923
16 0.32091346153846156 0.7632211538461539 0.04567307692307692 0.07211538461538461
16 0.03485576923076923 0.7908653846153846 0.057692307692307696 0.056490384615384616
16 0.7331730769230769 0.7211538461538461 0.05048076923076923 0.042067307692307696
16 0.3004807692307692 0.7475961538461539 0.03365384615384615 0.030048076923076924
16 0.22956730769230768 0.7367788461538461 0.03365384615384615 0.038461538461538464
16 0.09735576923076923 0.7584134615384616 0.04567307692307692 0.04447115384615385
16 0.04447115384615385 0.7632211538461539 0.03245192307692308 0.042067307692307696
16 0.6622596153846154 0.6947115384615384 0.027644230769230768 0.03245192307692308
16 0.7836538461538461 0.6911057692307693 0.027644230769230768 0.036057692307692304
16 0.8425480769230769 0.703125 0.03365384615384615 0.042067307692307696
16 0.9074519230769231 0.6947115384615384 0.03245192307692308 0.03245192307692308
16 0.9555288461538461 0.6875 0.027644230769230768 0.042067307692307696