10 0.3954326923076923 0.7992788461538461 0.7463942307692307 0.39663461538461536
14 0.7884615384615384 0.5721153846153846 0.20432692307692307 0.4891826923076923
14 0.6201923076923077 0.4254807692307692 0.19591346153846154 0.3389423076923077
14 0.328125 0.4879807692307692 0.13942307692307693 0.23076923076923078
14 0.49759615384615385 0.49759615384615385 0.15144230769230768 0.2127403846153846
14 0.1346153846153846 0.6622596153846154 0.2536057692307692 0.6694711538461539
4 0.16466346153846154 0.6045673076923077 0.04567307692307692 0.20673076923076922
4 0.23317307692307693 0.5889423076923077 0.03365384615384615 0.1201923076923077
4 0.26802884615384615 0.5733173076923077 0.03245192307692308 0.10817307692307693
4 0.5372596153846154 0.5649038461538461 0.03365384615384615 0.09014423076923077
8 0.8834134615384616 0.7091346153846154 0.18028846153846154 0.2764423076923077