5 0.8858173076923077 0.1658653846153846 0.22355769230769232 0.32572115384615385
5 0.6610576923076923 0.10336538461538461 0.23557692307692307 0.20673076923076922
5 0.2692307692307692 0.08413461538461539 0.21394230769230768 0.1622596153846154
14 0.9326923076923077 0.15985576923076922 0.05048076923076923 0.203125
14 0.6694711538461539 0.16706730769230768 0.051682692307692304 0.18389423076923078
14 0.4891826923076923 0.15384615384615385 0.05048076923076923 0.14182692307692307
14 0.43509615384615385 0.14543269230769232 0.04567307692307692 0.14182692307692307
14 0.3954326923076923 0.16826923076923078 0.036057692307692304 0.09615384615384616
14 0.28125 0.12740384615384615 0.04567307692307692 0.09014423076923077
14 0.13581730769230768 0.1201923076923077 0.039663461538461536 0.10096153846153846
14 0.171875 0.10697115384615384 0.039663461538461536 0.12259615384615384
14 0.10697115384615384 0.12139423076923077 0.026442307692307692 0.109375
14 0.08653846153846154 0.12620192307692307 0.038461538461538464 0.1045673076923077
14 0.018028846153846152 0.11298076923076923 0.036057692307692304 0.13581730769230768
14 0.05048076923076923 0.11778846153846154 0.042067307692307696 0.13341346153846154