1 0.03125 0.5252403846153846 0.0625 0.33653846153846156
1 0.11177884615384616 0.5528846153846154 0.11658653846153846 0.21033653846153846
1 0.28846153846153844 0.5865384615384616 0.13581730769230768 0.2127403846153846
1 0.4375 0.6201923076923077 0.3317307692307692 0.3701923076923077
1 0.6838942307692307 0.6682692307692307 0.3605769230769231 0.34375
14 0.6742788461538461 0.49759615384615385 0.25600961538461536 0.46634615384615385
14 0.4266826923076923 0.43990384615384615 0.2776442307692308 0.5336538461538461
14 0.11057692307692307 0.44350961538461536 0.1141826923076923 0.24759615384615385
14 0.028846153846153848 0.32091346153846156 0.054086538461538464 0.21033653846153846
14 0.2824519230769231 0.5168269230769231 0.09975961538461539 0.34134615384615385
6 0.6971153846153846 0.13581730769230768 0.057692307692307696 0.03245192307692308
6 0.7379807692307693 0.1310096153846154 0.04807692307692308 0.037259615384615384
6 0.7764423076923077 0.11658653846153846 0.042067307692307696 0.028846153846153848