14 0.8137019230769231 0.1658653846153846 0.056490384615384616 0.18629807692307693
14 0.7403846153846154 0.12980769230769232 0.039663461538461536 0.22115384615384615
14 0.7019230769230769 0.12139423076923077 0.039663461538461536 0.20552884615384615
14 0.5841346153846154 0.09375 0.06009615384615385 0.1814903846153846
14 0.5192307692307693 0.07572115384615384 0.042067307692307696 0.15144230769230768
14 0.30288461538461536 0.3293269230769231 0.14182692307692307 0.2800480769230769
14 0.49038461538461536 0.3401442307692308 0.09615384615384616 0.23677884615384615
14 0.12379807692307693 0.7560096153846154 0.14423076923076922 0.23677884615384615
14 0.18028846153846154 0.9098557692307693 0.13942307692307693 0.17548076923076922
12 0.515625 0.515625 0.3125 0.4987980769230769
12 0.32211538461538464 0.45913461538461536 0.20432692307692307 0.45913461538461536
12 0.21514423076923078 0.8161057692307693 0.43028846153846156 0.3629807692307692
12 0.34615384615384615 0.8978365384615384 0.21153846153846154 0.19951923076923078