16 0.08173076923076923 0.5985576923076923 0.16346153846153846 0.1201923076923077
16 0.5276442307692307 0.5985576923076923 0.11658653846153846 0.10216346153846154
16 0.41346153846153844 0.6382211538461539 0.11057692307692307 0.18028846153846154
16 0.296875 0.5456730769230769 0.06971153846153846 0.051682692307692304
16 0.21754807692307693 0.5192307692307693 0.02403846153846154 0.03365384615384615
16 0.13581730769230768 0.5264423076923077 0.051682692307692304 0.042067307692307696
16 0.0625 0.5348557692307693 0.038461538461538464 0.021634615384615384
16 0.03125 0.5228365384615384 0.03365384615384615 0.03365384615384615
16 0.0733173076923077 0.5228365384615384 0.030048076923076924 0.026442307692307692
16 0.41586538461538464 0.5204326923076923 0.02403846153846154 0.021634615384615384
16 0.34615384615384615 0.5384615384615384 0.036057692307692304 0.042067307692307696
16 0.44591346153846156 0.5228365384615384 0.027644230769230768 0.014423076923076924
16 0.5228365384615384 0.5396634615384616 0.030048076923076924 0.027644230769230768
16 0.5552884615384616 0.5396634615384616 0.03365384615384615 0.020432692307692308
16 0.7355769230769231 0.5384615384615384 0.030048076923076924 0.02403846153846154
16 0.6875 0.5324519230769231 0.026442307692307692 0.020432692307692308
16 0.6634615384615384 0.5336538461538461 0.036057692307692304 0.02403846153846154
16 0.6334134615384616 0.5324519230769231 0.021634615384615384 0.027644230769230768
16 0.6069711538461539 0.53125 0.030048076923076924 0.030048076923076924