6 0.8725961538461539 0.65625 0.1622596153846154 0.14423076923076922
6 0.6310096153846154 0.6322115384615384 0.07451923076923077 0.09615384615384616
6 0.5745192307692307 0.6490384615384616 0.042067307692307696 0.057692307692307696
6 0.4735576923076923 0.6490384615384616 0.042067307692307696 0.051682692307692304
6 0.25240384615384615 0.6742788461538461 0.078125 0.078125
6 0.32211538461538464 0.6478365384615384 0.036057692307692304 0.04807692307692308
6 0.06850961538461539 0.6526442307692307 0.051682692307692304 0.051682692307692304
6 0.12740384615384615 0.6550480769230769 0.038461538461538464 0.039663461538461536
6 0.17668269230769232 0.640625 0.054086538461538464 0.06370192307692307
13 0.3894230769230769 0.7427884615384616 0.11658653846153846 0.25
14 0.39663461538461536 0.6658653846153846 0.10216346153846154 0.27163461538461536
6 0.5096153846153846 0.6430288461538461 0.03245192307692308 0.04567307692307692
6 0.5360576923076923 0.6382211538461539 0.02403846153846154 0.036057692307692304