8 0.8762019230769231 0.7247596153846154 0.04447115384615385 0.13341346153846154
8 0.6935096153846154 0.796875 0.07451923076923077 0.13822115384615385
8 0.49158653846153844 0.8954326923076923 0.08173076923076923 0.17548076923076922
8 0.7199519230769231 0.7271634615384616 0.06850961538461539 0.1201923076923077
8 0.23677884615384615 0.9362980769230769 0.10576923076923077 0.11177884615384616
8 0.796875 0.7632211538461539 0.0625 0.11177884615384616
8 0.6117788461538461 0.8521634615384616 0.07572115384615384 0.14182692307692307
10 0.7740384615384616 0.7151442307692307 0.09254807692307693 0.12259615384615384
10 0.36658653846153844 0.9098557692307693 0.1502403846153846 0.15504807692307693
14 0.5384615384615384 0.7644230769230769 0.06009615384615385 0.24759615384615385
14 0.25961538461538464 0.9002403846153846 0.14423076923076922 0.19471153846153846
14 0.4375 0.890625 0.06009615384615385 0.1971153846153846
14 0.40024038461538464 0.7872596153846154 0.06370192307692307 0.12259615384615384
14 0.6237980769230769 0.8209134615384616 0.1045673076923077 0.19230769230769232
14 0.796875 0.7151442307692307 0.0625 0.14423076923076922
14 0.9747596153846154 0.6213942307692307 0.04567307692307692 0.20793269230769232
14 0.8341346153846154 0.6959134615384616 0.07211538461538461 0.18629807692307693
3 0.5865384615384616 0.24519230769230768 0.1141826923076923 0.042067307692307696