13 0.7115384615384616 0.6442307692307693 0.1875 0.25841346153846156
13 0.4651442307692308 0.6622596153846154 0.22956730769230768 0.39783653846153844
13 0.2764423076923077 0.5420673076923077 0.08413461538461539 0.1622596153846154
13 0.20432692307692307 0.4891826923076923 0.06370192307692307 0.1141826923076923
14 0.7103365384615384 0.5192307692307693 0.13221153846153846 0.21033653846153846
14 0.4495192307692308 0.5612980769230769 0.12620192307692307 0.36538461538461536
14 0.2800480769230769 0.484375 0.06370192307692307 0.16826923076923078
14 0.21153846153846154 0.4579326923076923 0.04447115384615385 0.1141826923076923
6 0.05889423076923077 0.5072115384615384 0.11778846153846154 0.14903846153846154
6 0.10336538461538461 0.44711538461538464 0.05048076923076923 0.05048076923076923
6 0.7524038461538461 0.5348557692307693 0.23197115384615385 0.1466346153846154
6 0.042067307692307696 0.7584134615384616 0.08413461538461539 0.42427884615384615
13 0.15745192307692307 0.45913461538461536 0.02403846153846154 0.05889423076923077
13 0.3485576923076923 0.5 0.04447115384615385 0.109375