14 0.171875 0.36177884615384615 0.16346153846153846 0.34975961538461536
14 0.25961538461538464 0.4050480769230769 0.18028846153846154 0.32572115384615385
14 0.3473557692307692 0.3798076923076923 0.08653846153846154 0.3125
14 0.4026442307692308 0.6850961538461539 0.18629807692307693 0.5228365384615384
14 0.2824519230769231 0.6899038461538461 0.171875 0.5516826923076923
14 0.6177884615384616 0.7752403846153846 0.3161057692307692 0.44591346153846156
14 0.5384615384615384 0.5829326923076923 0.10576923076923077 0.24278846153846154
14 0.7776442307692307 0.6069711538461539 0.15985576923076922 0.7283653846153846
14 0.6550480769230769 0.5420673076923077 0.12620192307692307 0.6262019230769231
14 0.5456730769230769 0.42908653846153844 0.13581730769230768 0.31490384615384615
14 0.45552884615384615 0.38221153846153844 0.1502403846153846 0.3173076923076923
14 0.5480769230769231 0.25841346153846156 0.1201923076923077 0.10697115384615384
14 0.6995192307692307 0.26802884615384615 0.08653846153846154 0.0985576923076923