1 0.35697115384615385 0.6911057692307693 0.18990384615384615 0.43149038461538464
1 0.1201923076923077 0.5588942307692307 0.22355769230769232 0.29086538461538464
1 0.11298076923076923 0.6754807692307693 0.13822115384615385 0.3918269230769231
1 0.8557692307692307 0.7632211538461539 0.21153846153846154 0.453125
1 0.5913461538461539 0.6442307692307693 0.10576923076923077 0.36538461538461536
1 0.671875 0.7091346153846154 0.18389423076923078 0.3737980769230769
14 0.375 0.5048076923076923 0.22596153846153846 0.78125
14 0.11899038461538461 0.5372596153846154 0.21033653846153846 0.5997596153846154
14 0.17067307692307693 0.3786057692307692 0.06971153846153846 0.3737980769230769
14 0.2403846153846154 0.43149038461538464 0.08413461538461539 0.5072115384615384
14 0.6081730769230769 0.5084134615384616 0.15625 0.6057692307692307
14 0.7055288461538461 0.5625 0.19230769230769232 0.6394230769230769
14 0.8653846153846154 0.5901442307692307 0.21033653846153846 0.7391826923076923