4 0.5504807692307693 0.0985576923076923 0.018028846153846152 0.04807692307692308
4 0.5745192307692307 0.09735576923076923 0.018028846153846152 0.04447115384615385
4 0.6754807692307693 0.109375 0.036057692307692304 0.15865384615384615
4 0.6454326923076923 0.10336538461538461 0.03245192307692308 0.12259615384615384
4 0.6165865384615384 0.09134615384615384 0.026442307692307692 0.09254807692307693
4 0.5925480769230769 0.10216346153846154 0.02403846153846154 0.09615384615384616
4 0.5637019230769231 0.11538461538461539 0.03245192307692308 0.1045673076923077
4 0.5360576923076923 0.13701923076923078 0.02403846153846154 0.1346153846153846
4 0.5120192307692307 0.13942307692307693 0.03245192307692308 0.1346153846153846
4 0.9783653846153846 0.6262019230769231 0.039663461538461536 0.12860576923076922
4 0.9495192307692307 0.65625 0.036057692307692304 0.20072115384615385
4 0.9134615384615384 0.6526442307692307 0.039663461538461536 0.20673076923076922
4 0.8725961538461539 0.6550480769230769 0.038461538461538464 0.19831730769230768
4 0.8449519230769231 0.6322115384615384 0.03365384615384615 0.18269230769230768
14 0.5961538461538461 0.5661057692307693 0.8040865384615384 0.8617788461538461