6 0.7800480769230769 0.7584134615384616 0.2956730769230769 0.23076923076923078
6 0.25 0.7271634615384616 0.07572115384615384 0.09615384615384616
6 0.3425480769230769 0.7463942307692307 0.1141826923076923 0.0985576923076923
6 0.18269230769230768 0.7247596153846154 0.08173076923076923 0.06850961538461539
6 0.4723557692307692 0.7331730769230769 0.14783653846153846 0.10817307692307693
14 0.4483173076923077 0.7307692307692307 0.04447115384615385 0.1466346153846154
14 0.41225961538461536 0.7307692307692307 0.039663461538461536 0.16466346153846154
14 0.9771634615384616 0.796875 0.042067307692307696 0.31490384615384615
14 0.9495192307692307 0.7367788461538461 0.03245192307692308 0.1346153846153846
14 0.9278846153846154 0.734375 0.03245192307692308 0.1346153846153846
6 0.025240384615384616 0.7271634615384616 0.04567307692307692 0.1622596153846154