13 0.6225961538461539 0.609375 0.6502403846153846 0.640625
14 0.5757211538461539 0.3786057692307692 0.5276442307692307 0.7055288461538461
14 0.3173076923076923 0.203125 0.054086538461538464 0.11057692307692307
14 0.24759615384615385 0.19831730769230768 0.039663461538461536 0.12860576923076922
14 0.22115384615384615 0.21394230769230768 0.054086538461538464 0.0985576923076923
14 0.15384615384615385 0.20432692307692307 0.04447115384615385 0.12980769230769232
14 0.10817307692307693 0.21634615384615385 0.06850961538461539 0.11057692307692307
14 0.04567307692307692 0.21394230769230768 0.051682692307692304 0.10697115384615384
14 0.3858173076923077 0.20432692307692307 0.03245192307692308 0.11298076923076923
14 0.4170673076923077 0.1935096153846154 0.038461538461538464 0.10096153846153846
14 0.7752403846153846 0.21634615384615385 0.03365384615384615 0.04326923076923077
14 0.7548076923076923 0.21394230769230768 0.030048076923076924 0.055288461538461536
14 0.8641826923076923 0.20793269230769232 0.036057692307692304 0.057692307692307696
14 0.8257211538461539 0.21634615384615385 0.03245192307692308 0.046875