6 0.4987980769230769 0.546875 0.9975961538461539 0.7956730769230769
6 0.9026442307692307 0.7848557692307693 0.18990384615384615 0.42427884615384615
14 0.7091346153846154 0.18269230769230768 0.06971153846153846 0.328125
14 0.8473557692307693 0.18269230769230768 0.08173076923076923 0.3329326923076923
14 0.7860576923076923 0.33653846153846156 0.08413461538461539 0.14903846153846154
14 0.890625 0.3641826923076923 0.11057692307692307 0.15745192307692307
14 0.7860576923076923 0.16706730769230768 0.06850961538461539 0.22115384615384615
14 0.9302884615384616 0.20432692307692307 0.08774038461538461 0.25841346153846156
14 0.6045673076923077 0.10817307692307693 0.06850961538461539 0.125
14 0.43028846153846156 0.109375 0.051682692307692304 0.07451923076923077
14 0.38341346153846156 0.1045673076923077 0.056490384615384616 0.09014423076923077
14 0.31490384615384615 0.10817307692307693 0.0625 0.07692307692307693
14 0.25240384615384615 0.09495192307692307 0.036057692307692304 0.1141826923076923
14 0.16466346153846154 0.12259615384615384 0.06610576923076923 0.10697115384615384
14 0.08774038461538461 0.1622596153846154 0.06370192307692307 0.15504807692307693
14 0.19951923076923078 0.1201923076923077 0.0625 0.08052884615384616
14 0.6550480769230769 0.11778846153846154 0.05048076923076923 0.13822115384615385
14 0.7584134615384616 0.16105769230769232 0.051682692307692304 0.22716346153846154