10 0.5120192307692307 0.6105769230769231 0.6875 0.2668269230769231
10 0.46634615384615385 0.8557692307692307 0.9314903846153846 0.2824519230769231
14 0.9314903846153846 0.7415865384615384 0.13341346153846154 0.5120192307692307
14 0.9026442307692307 0.5516826923076923 0.1778846153846154 0.5120192307692307
14 0.8149038461538461 0.46153846153846156 0.1141826923076923 0.35697115384615385
14 0.7271634615384616 0.46274038461538464 0.11778846153846154 0.2692307692307692
14 0.5108173076923077 0.4014423076923077 0.1778846153846154 0.15745192307692307
14 0.2848557692307692 0.43509615384615385 0.09375 0.2608173076923077
14 0.20072115384615385 0.4495192307692308 0.13341346153846154 0.2956730769230769
14 0.1201923076923077 0.46153846153846156 0.2403846153846154 0.35697115384615385
14 0.09735576923076923 0.7211538461538461 0.1935096153846154 0.4831730769230769