10 0.5012019230769231 0.515625 0.9915865384615384 0.9519230769230769
8 0.171875 0.12620192307692307 0.1622596153846154 0.21995192307692307
8 0.26802884615384615 0.08413461538461539 0.08774038461538461 0.15144230769230768
8 0.671875 0.06129807692307692 0.06971153846153846 0.078125
8 0.6983173076923077 0.1141826923076923 0.06370192307692307 0.06850961538461539
8 0.7692307692307693 0.11778846153846154 0.125 0.12379807692307693
8 0.7800480769230769 0.18389423076923078 0.0985576923076923 0.10817307692307693
8 0.8822115384615384 0.19230769230769232 0.1814903846153846 0.16346153846153846
8 0.90625 0.2704326923076923 0.1814903846153846 0.22355769230769232
4 0.5096153846153846 0.03485576923076923 0.04807692307692308 0.06971153846153846
4 0.5084134615384616 0.2644230769230769 0.09375 0.25961538461538464