14 0.9230769230769231 0.8040865384615384 0.1502403846153846 0.3870192307692308
14 0.5456730769230769 0.6622596153846154 0.30408653846153844 0.6322115384615384
14 0.40625 0.5516826923076923 0.23197115384615385 0.3737980769230769
14 0.1045673076923077 0.4375 0.20793269230769232 0.21875
10 0.3449519230769231 0.7560096153846154 0.6899038461538461 0.4831730769230769
8 0.7295673076923077 0.7848557692307693 0.14423076923076922 0.42427884615384615
8 0.2512019230769231 0.4831730769230769 0.09375 0.06971153846153846
15 0.4879807692307692 0.3485576923076923 0.09975961538461539 0.15144230769230768
15 0.47115384615384615 0.18629807692307693 0.0985576923076923 0.14903846153846154
15 0.38100961538461536 0.20432692307692307 0.06610576923076923 0.16826923076923078
15 0.3425480769230769 0.10576923076923077 0.09615384615384616 0.1622596153846154
15 0.3389423076923077 0.4074519230769231 0.06971153846153846 0.15985576923076922