6 0.5084134615384616 0.46274038461538464 0.7475961538461539 0.3173076923076923
14 0.625 0.38341346153846156 0.06610576923076923 0.07451923076923077
14 0.9399038461538461 0.25841346153846156 0.04447115384615385 0.25600961538461536
14 0.9134615384615384 0.17427884615384615 0.027644230769230768 0.0829326923076923
14 0.8557692307692307 0.2692307692307692 0.039663461538461536 0.22956730769230768
14 0.8173076923076923 0.2668269230769231 0.04567307692307692 0.22956730769230768
14 0.8918269230769231 0.34134615384615385 0.09254807692307693 0.36778846153846156
14 0.7223557692307693 0.24158653846153846 0.09975961538461539 0.23197115384615385
14 0.6225961538461539 0.2439903846153846 0.1201923076923077 0.15144230769230768
14 0.5600961538461539 0.2439903846153846 0.056490384615384616 0.1201923076923077
14 0.49759615384615385 0.2403846153846154 0.07572115384615384 0.15985576923076922
14 0.41947115384615385 0.2692307692307692 0.051682692307692304 0.203125
14 0.3233173076923077 0.27524038461538464 0.078125 0.2403846153846154
14 0.27283653846153844 0.28846153846153844 0.0625 0.22355769230769232
14 0.1310096153846154 0.3088942307692308 0.078125 0.30408653846153844
14 0.07451923076923077 0.3329326923076923 0.078125 0.30408653846153844
14 0.015625 0.32572115384615385 0.027644230769230768 0.3088942307692308