4 0.30649038461538464 0.4375 0.07572115384615384 0.29086538461538464
4 0.25240384615384615 0.5024038461538461 0.036057692307692304 0.15865384615384615
8 0.8677884615384616 0.7223557692307693 0.25961538461538464 0.5132211538461539
8 0.765625 0.5949519230769231 0.18028846153846154 0.44471153846153844
8 0.7740384615384616 0.37259615384615385 0.07572115384615384 0.21634615384615385
14 0.2692307692307692 0.203125 0.057692307692307696 0.23076923076923078
14 0.328125 0.18870192307692307 0.06850961538461539 0.25240384615384615
14 0.44350961538461536 0.15264423076923078 0.08774038461538461 0.20432692307692307
14 0.5288461538461539 0.1622596153846154 0.09014423076923077 0.19230769230769232
14 0.7524038461538461 0.2608173076923077 0.07572115384615384 0.14423076923076922
14 0.6814903846153846 0.5625 0.23798076923076922 0.5973557692307693
14 0.5492788461538461 0.3870192307692308 0.13341346153846154 0.2704326923076923
14 0.24158653846153846 0.6069711538461539 0.3545673076923077 0.78125
14 0.4807692307692308 0.3858173076923077 0.08653846153846154 0.2848557692307692
14 0.4338942307692308 0.375 0.08413461538461539 0.29447115384615385