6 0.5901442307692307 0.8894230769230769 0.09615384615384616 0.078125
6 0.7668269230769231 0.8545673076923077 0.054086538461538464 0.05048076923076923
6 0.8846153846153846 0.8641826923076923 0.08173076923076923 0.05889423076923077
6 0.953125 0.8617788461538461 0.07451923076923077 0.056490384615384616
6 0.8569711538461539 0.8233173076923077 0.042067307692307696 0.052884615384615384
6 0.6634615384615384 0.8617788461538461 0.057692307692307696 0.07211538461538461
6 0.5925480769230769 0.8257211538461539 0.036057692307692304 0.04326923076923077
6 0.4675480769230769 0.8858173076923077 0.06971153846153846 0.0673076923076923
6 0.375 0.8461538461538461 0.054086538461538464 0.06129807692307692
6 0.23557692307692307 0.8485576923076923 0.08173076923076923 0.04567307692307692
6 0.19471153846153846 0.8088942307692307 0.05048076923076923 0.04567307692307692
14 0.33533653846153844 0.9050480769230769 0.06971153846153846 0.18389423076923078
14 0.19831730769230768 0.9254807692307693 0.051682692307692304 0.14423076923076922
14 0.25 0.9266826923076923 0.051682692307692304 0.14182692307692307
14 0.2824519230769231 0.9194711538461539 0.054086538461538464 0.15504807692307693