15 0.10336538461538461 0.15264423076923078 0.20673076923076922 0.30528846153846156
14 0.8846153846153846 0.3137019230769231 0.22596153846153846 0.36538461538461536
14 0.7572115384615384 0.7295673076923077 0.48197115384615385 0.5360576923076923
14 0.23677884615384615 0.6959134615384616 0.4735576923076923 0.6021634615384616
14 0.037259615384615384 0.36177884615384615 0.07451923076923077 0.17908653846153846
14 0.2127403846153846 0.26802884615384615 0.19831730769230768 0.30649038461538464
14 0.41947115384615385 0.24879807692307693 0.16826923076923078 0.21634615384615385
14 0.5889423076923077 0.25600961538461536 0.24639423076923078 0.2980769230769231
8 0.7175480769230769 0.3245192307692308 0.030048076923076924 0.1045673076923077
8 0.34975961538461536 0.32091346153846156 0.020432692307692308 0.07211538461538461
8 0.10216346153846154 0.36899038461538464 0.06009615384615385 0.1466346153846154
8 0.9939903846153846 0.41466346153846156 0.008413461538461538 0.109375
10 0.5060096153846154 0.6778846153846154 0.984375 0.6394230769230769