8 0.6646634615384616 0.5456730769230769 0.06971153846153846 0.02403846153846154
8 0.15504807692307693 0.6346153846153846 0.0985576923076923 0.10096153846153846
8 0.24879807692307693 0.6442307692307693 0.0985576923076923 0.1045673076923077
8 0.33774038461538464 0.671875 0.07211538461538461 0.08052884615384616
8 0.4723557692307692 0.6899038461538461 0.07211538461538461 0.0829326923076923
8 0.5925480769230769 0.7019230769230769 0.08413461538461539 0.08533653846153846
8 0.7680288461538461 0.7235576923076923 0.09615384615384616 0.09375
8 0.07692307692307693 0.7115384615384616 0.09375 0.17548076923076922
8 0.19230769230769232 0.7668269230769231 0.13942307692307693 0.14182692307692307
8 0.3329326923076923 0.7980769230769231 0.15384615384615385 0.15745192307692307
8 0.49278846153846156 0.828125 0.1502403846153846 0.1622596153846154
8 0.7151442307692307 0.8894230769230769 0.14543269230769232 0.21634615384615385
8 0.026442307692307692 0.8930288461538461 0.051682692307692304 0.08052884615384616
8 0.057692307692307696 0.9615384615384616 0.11538461538461539 0.07692307692307693
19 0.3401442307692308 0.31850961538461536 0.10817307692307693 0.109375