5 0.5264423076923077 0.44350961538461536 0.9194711538461539 0.6682692307692307
14 0.796875 0.6394230769230769 0.2608173076923077 0.4855769230769231
14 0.6514423076923077 0.6586538461538461 0.15144230769230768 0.41346153846153844
14 0.4639423076923077 0.7740384615384616 0.13822115384615385 0.2439903846153846
14 0.3701923076923077 0.7704326923076923 0.234375 0.31009615384615385
14 0.16947115384615385 0.7764423076923077 0.18990384615384615 0.33774038461538464
14 0.09735576923076923 0.6911057692307693 0.19471153846153846 0.40625
14 0.2091346153846154 0.5360576923076923 0.4074519230769231 0.19591346153846154
14 0.26802884615384615 0.5709134615384616 0.15745192307692307 0.21754807692307693
14 0.39783653846153844 0.45552884615384615 0.12740384615384615 0.06370192307692307
14 0.47716346153846156 0.41947115384615385 0.13822115384615385 0.10576923076923077
14 0.5889423076923077 0.41225961538461536 0.1814903846153846 0.11177884615384616