9 0.2692307692307692 0.734375 0.22596153846153846 0.22716346153846154
9 0.84375 0.7055288461538461 0.16346153846153846 0.24759615384615385
9 0.8353365384615384 0.7716346153846154 0.09375 0.15144230769230768
9 0.6790865384615384 0.7644230769230769 0.078125 0.1141826923076923
9 0.7427884615384616 0.7692307692307693 0.06971153846153846 0.0985576923076923
2 0.4735576923076923 0.7884615384615384 0.026442307692307692 0.05048076923076923
2 0.5060096153846154 0.7944711538461539 0.015625 0.04807692307692308
2 0.5264423076923077 0.7824519230769231 0.009615384615384616 0.07211538461538461
2 0.5492788461538461 0.796875 0.021634615384615384 0.04807692307692308
2 0.5865384615384616 0.7680288461538461 0.02403846153846154 0.05889423076923077
2 0.6081730769230769 0.8293269230769231 0.027644230769230768 0.042067307692307696
2 0.6358173076923077 0.8197115384615384 0.02403846153846154 0.05048076923076923
2 0.6370192307692307 0.7704326923076923 0.026442307692307692 0.042067307692307696
2 0.6274038461538461 0.7211538461538461 0.02403846153846154 0.04567307692307692