6 0.96875 0.43028846153846156 0.057692307692307696 0.07211538461538461
6 0.7764423076923077 0.40384615384615385 0.23798076923076922 0.1141826923076923
6 0.16947115384615385 0.37740384615384615 0.13942307692307693 0.06129807692307692
6 0.04567307692307692 0.3858173076923077 0.09134615384615384 0.06009615384615385
14 0.9242788461538461 0.41947115384615385 0.036057692307692304 0.109375
14 0.018028846153846152 0.515625 0.036057692307692304 0.20552884615384615
14 0.4807692307692308 0.6201923076923077 0.09014423076923077 0.41346153846153844
14 0.7475961538461539 0.5576923076923077 0.051682692307692304 0.25600961538461536
14 0.640625 0.46875 0.06971153846153846 0.13822115384615385
12 0.6598557692307693 0.5516826923076923 0.10817307692307693 0.203125
12 0.41947115384615385 0.6466346153846154 0.08774038461538461 0.2536057692307692