13 0.2439903846153846 0.6502403846153846 0.2439903846153846 0.6454326923076923
14 0.24519230769230768 0.43990384615384615 0.22235576923076922 0.7956730769230769
14 0.5 0.5661057692307693 0.08052884615384616 0.3088942307692308
14 0.7584134615384616 0.6634615384615384 0.18389423076923078 0.22235576923076922
14 0.9459134615384616 0.5733173076923077 0.06850961538461539 0.3425480769230769
14 0.6358173076923077 0.5853365384615384 0.039663461538461536 0.234375
14 0.7932692307692307 0.5805288461538461 0.054086538461538464 0.21875
14 0.8473557692307693 0.5144230769230769 0.06610576923076923 0.09254807692307693
14 0.06971153846153846 0.5612980769230769 0.08052884615384616 0.2704326923076923
13 0.8581730769230769 0.6442307692307693 0.07572115384615384 0.21875
13 0.4891826923076923 0.6442307692307693 0.14182692307692307 0.15865384615384615
13 0.38100961538461536 0.6610576923076923 0.08173076923076923 0.09014423076923077
14 0.021634615384615384 0.6382211538461539 0.04326923076923077 0.1466346153846154