16 0.140625 0.31490384615384615 0.28125 0.4326923076923077
16 0.18870192307692307 0.7319711538461539 0.37740384615384615 0.53125
16 0.5889423076923077 0.6021634615384616 0.2776442307692308 0.4483173076923077
16 0.7836538461538461 0.5685096153846154 0.3004807692307692 0.45913461538461536
16 0.734375 0.7764423076923077 0.5276442307692307 0.4423076923076923
16 0.8605769230769231 0.19951923076923078 0.17427884615384615 0.234375
16 0.9423076923076923 0.13221153846153846 0.11177884615384616 0.24278846153846154
16 0.41466346153846156 0.3161057692307692 0.18990384615384615 0.24759615384615385
16 0.5576923076923077 0.40625 0.3161057692307692 0.42427884615384615
16 0.6069711538461539 0.21754807692307693 0.09014423076923077 0.08774038461538461
16 0.3088942307692308 0.1201923076923077 0.22235576923076922 0.2403846153846154
16 0.09975961538461539 0.051682692307692304 0.19951923076923078 0.10336538461538461
16 0.8677884615384616 0.09495192307692307 0.20432692307692307 0.18990384615384615
16 0.5108173076923077 0.0829326923076923 0.18629807692307693 0.1658653846153846
16 0.6694711538461539 0.08052884615384616 0.13341346153846154 0.15985576923076922