4 0.34975961538461536 0.47836538461538464 0.03245192307692308 0.16826923076923078
4 0.6021634615384616 0.8810096153846154 0.056490384615384616 0.23197115384615385
19 0.9122596153846154 0.4074519230769231 0.171875 0.28846153846153844
14 0.7692307692307693 0.6045673076923077 0.4579326923076923 0.7872596153846154
14 0.2668269230769231 0.671875 0.41346153846153844 0.6502403846153846
4 0.7512019230769231 0.037259615384615384 0.018028846153846152 0.07451923076923077
4 0.7704326923076923 0.037259615384615384 0.015625 0.07451923076923077
4 0.7860576923076923 0.038461538461538464 0.015625 0.07692307692307693
4 0.8004807692307693 0.037259615384615384 0.015625 0.07451923076923077
4 0.8185096153846154 0.037259615384615384 0.015625 0.07451923076923077
4 0.8353365384615384 0.037259615384615384 0.018028846153846152 0.07451923076923077
4 0.8497596153846154 0.037259615384615384 0.015625 0.07451923076923077
4 0.8653846153846154 0.037259615384615384 0.014423076923076924 0.07451923076923077
4 0.9302884615384616 0.040865384615384616 0.02403846153846154 0.08173076923076923
4 0.9146634615384616 0.038461538461538464 0.021634615384615384 0.07692307692307693
4 0.8822115384615384 0.037259615384615384 0.015625 0.07451923076923077
4 0.8942307692307693 0.036057692307692304 0.02403846153846154 0.07211538461538461
17 0.2932692307692308 0.6971153846153846 0.5865384615384616 0.5997596153846154