4 0.0829326923076923 0.5973557692307693 0.07451923076923077 0.2608173076923077
4 0.21995192307692307 0.546875 0.06850961538461539 0.2980769230769231
4 0.296875 0.5228365384615384 0.06971153846153846 0.2512019230769231
4 0.36778846153846156 0.5132211538461539 0.056490384615384616 0.21634615384615385
4 0.42788461538461536 0.5024038461538461 0.06370192307692307 0.20552884615384615
4 0.49158653846153844 0.5264423076923077 0.04807692307692308 0.22115384615384615
4 0.5444711538461539 0.5480769230769231 0.05048076923076923 0.2848557692307692
4 0.6021634615384616 0.5540865384615384 0.056490384615384616 0.28846153846153844
4 0.6598557692307693 0.5612980769230769 0.06009615384615385 0.29086538461538464
4 0.7223557692307693 0.5625 0.051682692307692304 0.28846153846153844
4 0.7836538461538461 0.5733173076923077 0.06850961538461539 0.2824519230769231
4 0.4855769230769231 0.8173076923076923 0.13942307692307693 0.3545673076923077
4 0.6045673076923077 0.8461538461538461 0.13221153846153846 0.3016826923076923
14 0.1310096153846154 0.3004807692307692 0.21754807692307693 0.4182692307692308
14 0.3125 0.18629807692307693 0.09375 0.2608173076923077
14 0.6610576923076923 0.3125 0.16947115384615385 0.28846153846153844
14 0.4338942307692308 0.390625 0.18028846153846154 0.27524038461538464
14 0.6694711538461539 0.421875 0.15625 0.2403846153846154
14 0.7980769230769231 0.31971153846153844 0.10817307692307693 0.2824519230769231
14 0.71875 0.2932692307692308 0.1141826923076923 0.2668269230769231
14 0.4375 0.2800480769230769 0.2283653846153846 0.33052884615384615
14 0.9254807692307693 0.3004807692307692 0.11658653846153846 0.21033653846153846
14 0.8617788461538461 0.2920673076923077 0.06850961538461539 0.16826923076923078
14 0.9675480769230769 0.30649038461538464 0.06009615384615385 0.17067307692307693
14 0.296875 0.2824519230769231 0.1141826923076923 0.18629807692307693
14 0.03485576923076923 0.1971153846153846 0.06971153846153846 0.3942307692307692