10 0.6394230769230769 0.78125 0.1875 0.20793269230769232
8 0.5432692307692307 0.7632211538461539 0.054086538461538464 0.22956730769230768
8 0.5841346153846154 0.7680288461538461 0.06009615384615385 0.21875
8 0.7163461538461539 0.6826923076923077 0.027644230769230768 0.026442307692307692
4 0.6850961538461539 0.6538461538461539 0.05048076923076923 0.037259615384615384
4 0.6814903846153846 0.7211538461538461 0.051682692307692304 0.05048076923076923
4 0.6814903846153846 0.7836538461538461 0.056490384615384616 0.052884615384615384
4 0.6754807692307693 0.8449519230769231 0.06009615384615385 0.052884615384615384
4 0.7463942307692307 0.828125 0.06370192307692307 0.14182692307692307
4 0.7512019230769231 0.9471153846153846 0.06971153846153846 0.10096153846153846
4 0.6742788461538461 0.9579326923076923 0.051682692307692304 0.08052884615384616
17 0.20072115384615385 0.7632211538461539 0.15384615384615385 0.22355769230769232
8 0.140625 0.6610576923076923 0.10216346153846154 0.09014423076923077