8 0.8112980769230769 0.8810096153846154 0.3737980769230769 0.23197115384615385
8 0.6514423076923077 0.6586538461538461 0.18389423076923078 0.10697115384615384
8 0.5817307692307693 0.6177884615384616 0.11658653846153846 0.109375
14 0.3269230769230769 0.5805288461538461 0.6538461538461539 0.8293269230769231
14 0.8605769230769231 0.6213942307692307 0.2764423076923077 0.30408653846153844
14 0.9387019230769231 0.4891826923076923 0.11778846153846154 0.3329326923076923
14 0.7632211538461539 0.5564903846153846 0.1141826923076923 0.24759615384615385
14 0.6790865384615384 0.515625 0.09014423076923077 0.13581730769230768
14 0.5745192307692307 0.5264423076923077 0.14182692307692307 0.18990384615384615
14 0.018028846153846152 0.515625 0.036057692307692304 0.2692307692307692
14 0.20673076923076922 0.5084134615384616 0.038461538461538464 0.1201923076923077
14 0.15745192307692307 0.5132211538461539 0.03245192307692308 0.13581730769230768
14 0.12259615384615384 0.515625 0.036057692307692304 0.1310096153846154