1 0.5192307692307693 0.6177884615384616 0.10216346153846154 0.27884615384615385
1 0.921875 0.6298076923076923 0.09254807692307693 0.296875
1 0.6033653846153846 0.5913461538461539 0.08653846153846154 0.23677884615384615
1 0.6706730769230769 0.5420673076923077 0.05048076923076923 0.22716346153846154
1 0.3942307692307692 0.6754807692307693 0.1045673076923077 0.30288461538461536
1 0.19831730769230768 0.453125 0.06850961538461539 0.15264423076923078
14 0.9098557692307693 0.49759615384615385 0.1045673076923077 0.44350961538461536
14 0.5096153846153846 0.47475961538461536 0.09615384615384616 0.3858173076923077
14 0.5985576923076923 0.4639423076923077 0.08413461538461539 0.33533653846153844
14 0.19591346153846154 0.38461538461538464 0.06370192307692307 0.23076923076923078
14 0.6394230769230769 0.3557692307692308 0.06850961538461539 0.19110576923076922
14 0.7235576923076923 0.4206730769230769 0.0625 0.33774038461538464
14 0.7704326923076923 0.40384615384615385 0.039663461538461536 0.3293269230769231
14 0.9362980769230769 0.31490384615384615 0.056490384615384616 0.19110576923076922
14 0.6875 0.40024038461538464 0.057692307692307696 0.31490384615384615
14 0.1141826923076923 0.4951923076923077 0.08774038461538461 0.4699519230769231
14 0.28365384615384615 0.3545673076923077 0.04447115384615385 0.2247596153846154
14 0.056490384615384616 0.4567307692307692 0.07211538461538461 0.43990384615384615
14 0.49158653846153844 0.26802884615384615 0.018028846153846152 0.056490384615384616
14 0.46274038461538464 0.24278846153846154 0.021634615384615384 0.054086538461538464
14 0.44350961538461536 0.2860576923076923 0.039663461538461536 0.11658653846153846
14 0.4074519230769231 0.2764423076923077 0.02403846153846154 0.038461538461538464
14 0.3233173076923077 0.359375 0.03365384615384615 0.23317307692307693
14 0.24158653846153846 0.3581730769230769 0.051682692307692304 0.21875
14 0.20552884615384615 0.2668269230769231 0.030048076923076924 0.07211538461538461
14 0.016826923076923076 0.3473557692307692 0.03365384615384615 0.12259615384615384