6 0.5516826923076923 0.6129807692307693 0.5516826923076923 0.4326923076923077
6 0.28966346153846156 0.40384615384615385 0.1201923076923077 0.11057692307692307
14 0.17548076923076922 0.5480769230769231 0.1201923076923077 0.5673076923076923
6 0.4675480769230769 0.28725961538461536 0.08774038461538461 0.038461538461538464
6 0.5336538461538461 0.2848557692307692 0.09254807692307693 0.042067307692307696
6 0.6274038461538461 0.29086538461538464 0.09375 0.054086538461538464
6 0.6790865384615384 0.29086538461538464 0.06971153846153846 0.054086538461538464
6 0.7247596153846154 0.2932692307692308 0.09014423076923077 0.05048076923076923
6 0.8149038461538461 0.29447115384615385 0.1141826923076923 0.078125
6 0.8545673076923077 0.29927884615384615 0.09254807692307693 0.0625
6 0.9266826923076923 0.3004807692307692 0.1141826923076923 0.08413461538461539
6 0.9711538461538461 0.30528846153846156 0.054086538461538464 0.08052884615384616