15 0.5072115384615384 0.19831730769230768 0.10216346153846154 0.07211538461538461
15 0.359375 0.2668269230769231 0.09375 0.06971153846153846
15 0.4639423076923077 0.35216346153846156 0.09254807692307693 0.09014423076923077
15 0.30649038461538464 0.35697115384615385 0.11778846153846154 0.17067307692307693
15 0.375 0.4338942307692308 0.10216346153846154 0.17908653846153846
15 0.49399038461538464 0.5372596153846154 0.18028846153846154 0.3173076923076923
15 0.6442307692307693 0.42788461538461536 0.18389423076923078 0.3918269230769231
15 0.8161057692307693 0.6201923076923077 0.21634615384615385 0.43990384615384615
15 0.11899038461538461 0.6262019230769231 0.1658653846153846 0.35216346153846156
15 0.025240384615384616 0.7572115384615384 0.05048076923076923 0.31971153846153844
15 0.0673076923076923 0.39302884615384615 0.13341346153846154 0.16826923076923078
15 0.06370192307692307 0.4807692307692308 0.12740384615384615 0.14903846153846154
15 0.1502403846153846 0.33052884615384615 0.04447115384615385 0.13341346153846154
15 0.11658653846153846 0.3629807692307692 0.05048076923076923 0.10697115384615384
15 0.08653846153846154 0.3016826923076923 0.04567307692307692 0.10697115384615384
15 0.08653846153846154 0.15625 0.07211538461538461 0.1622596153846154
15 0.030048076923076924 0.14903846153846154 0.056490384615384616 0.15504807692307693
15 0.9567307692307693 0.6370192307692307 0.08173076923076923 0.33052884615384615
15 0.9471153846153846 0.29447115384615385 0.08173076923076923 0.17908653846153846
15 0.9483173076923077 0.4519230769230769 0.09975961538461539 0.15144230769230768