4 0.796875 0.6995192307692307 0.0625 0.21033653846153846
14 0.9459134615384616 0.45913461538461536 0.1045673076923077 0.5108173076923077
14 0.6694711538461539 0.5889423076923077 0.40384615384615385 0.8173076923076923
14 0.4651442307692308 0.5048076923076923 0.9302884615384616 0.9855769230769231
14 0.1045673076923077 0.28125 0.20793269230769232 0.3629807692307692
14 0.8894230769230769 0.35336538461538464 0.05048076923076923 0.16466346153846154
14 0.7319711538461539 0.4855769230769231 0.09254807692307693 0.27283653846153844
14 0.7668269230769231 0.34975961538461536 0.07451923076923077 0.1045673076923077
14 0.20072115384615385 0.3293269230769231 0.0625 0.12259615384615384
14 0.5108173076923077 0.375 0.04567307692307692 0.1201923076923077
14 0.5504807692307693 0.43990384615384615 0.04447115384615385 0.056490384615384616
14 0.4735576923076923 0.4050480769230769 0.12740384615384615 0.17427884615384615