6 0.18629807692307693 0.7211538461538461 0.34375 0.20432692307692307
6 0.1622596153846154 0.9110576923076923 0.3245192307692308 0.17067307692307693
6 0.4879807692307692 0.8076923076923077 0.15625 0.3786057692307692
6 0.6670673076923077 0.8052884615384616 0.21033653846153846 0.38461538461538464
6 0.8990384615384616 0.71875 0.16947115384615385 0.4831730769230769
6 0.8689903846153846 0.2692307692307692 0.1622596153846154 0.43509615384615385
6 0.6995192307692307 0.3713942307692308 0.15384615384615385 0.47115384615384615
6 0.6875 0.0673076923076923 0.11778846153846154 0.1346153846153846
6 0.5408653846153846 0.18389423076923078 0.13942307692307693 0.36778846153846156
6 0.3016826923076923 0.09375 0.29086538461538464 0.1875
6 0.2932692307692308 0.24158653846153846 0.33413461538461536 0.3329326923076923
8 0.27884615384615385 0.8245192307692307 0.06610576923076923 0.1346153846153846
6 0.07932692307692307 0.24759615384615385 0.12259615384615384 0.24278846153846154