1 0.5192307692307693 0.7043269230769231 0.43028846153846156 0.4026442307692308
14 0.5204326923076923 0.5144230769230769 0.25240384615384615 0.6538461538461539
14 0.09014423076923077 0.33774038461538464 0.08774038461538461 0.27884615384615385
14 0.09254807692307693 0.3088942307692308 0.1658653846153846 0.3329326923076923
14 0.18028846153846154 0.36899038461538464 0.10817307692307693 0.20072115384615385
14 0.20192307692307693 0.2403846153846154 0.09254807692307693 0.20072115384615385
14 0.24519230769230768 0.3293269230769231 0.0625 0.22355769230769232
14 0.30408653846153844 0.27283653846153844 0.09975961538461539 0.265625
14 0.2764423076923077 0.4230769230769231 0.07451923076923077 0.08052884615384616
14 0.38461538461538464 0.37259615384615385 0.09014423076923077 0.16466346153846154
14 0.5504807692307693 0.23076923076923078 0.07572115384615384 0.1310096153846154
14 0.7055288461538461 0.35697115384615385 0.13581730769230768 0.18389423076923078
14 0.8197115384615384 0.28966346153846156 0.09975961538461539 0.31009615384615385
14 0.921875 0.31971153846153844 0.09615384615384616 0.22596153846153846
14 0.9278846153846154 0.2692307692307692 0.11658653846153846 0.32091346153846156