4 0.21875 0.765625 0.06971153846153846 0.27163461538461536
4 0.27163461538461536 0.7475961538461539 0.06370192307692307 0.27524038461538464
4 0.36658653846153844 0.6959134615384616 0.054086538461538464 0.22355769230769232
4 0.5252403846153846 0.5540865384615384 0.03365384615384615 0.10096153846153846
4 0.49158653846153844 0.5757211538461539 0.036057692307692304 0.1658653846153846
14 0.5865384615384616 0.44350961538461536 0.1814903846153846 0.2800480769230769
14 0.7872596153846154 0.48677884615384615 0.20192307692307693 0.4074519230769231
14 0.8185096153846154 0.6370192307692307 0.3605769230769231 0.7199519230769231
14 0.3137019230769231 0.49158653846153844 0.16346153846153846 0.2956730769230769
14 0.14903846153846154 0.5480769230769231 0.29447115384615385 0.42427884615384615
10 0.41947115384615385 0.7716346153846154 0.8377403846153846 0.45072115384615385