13 0.40384615384615385 0.7235576923076923 0.11177884615384616 0.2644230769230769
13 0.2956730769230769 0.6947115384615384 0.12379807692307693 0.18389423076923078
14 0.06850961538461539 0.6430288461538461 0.04447115384615385 0.1658653846153846
14 0.1201923076923077 0.6514423076923077 0.056490384615384616 0.20552884615384615
14 0.17067307692307693 0.6550480769230769 0.054086538461538464 0.19951923076923078
14 0.18028846153846154 0.6262019230769231 0.036057692307692304 0.1971153846153846
14 0.20673076923076922 0.6298076923076923 0.042067307692307696 0.2403846153846154
14 0.2920673076923077 0.6454326923076923 0.11658653846153846 0.2932692307692308
14 0.41225961538461536 0.6574519230769231 0.12379807692307693 0.3701923076923077
14 0.5180288461538461 0.6838942307692307 0.056490384615384616 0.2848557692307692
14 0.5925480769230769 0.6790865384615384 0.04447115384615385 0.2644230769230769
14 0.6286057692307693 0.6754807692307693 0.04567307692307692 0.2692307692307692
11 0.6646634615384616 0.7764423076923077 0.0985576923076923 0.10096153846153846
14 0.6838942307692307 0.6694711538461539 0.051682692307692304 0.18629807692307693
14 0.7524038461538461 0.6947115384615384 0.06009615384615385 0.23197115384615385
14 0.8064903846153846 0.7019230769230769 0.039663461538461536 0.234375
14 0.8569711538461539 0.6706730769230769 0.0625 0.29086538461538464
14 0.7079326923076923 0.6706730769230769 0.04447115384615385 0.27524038461538464
14 0.49158653846153844 0.5949519230769231 0.03365384615384615 0.13341346153846154