4 0.4855769230769231 0.7415865384615384 0.12259615384615384 0.19831730769230768
4 0.2692307692307692 0.6742788461538461 0.1658653846153846 0.21634615384615385
4 0.30649038461538464 0.6105769230769231 0.13341346153846154 0.20192307692307693
4 0.4182692307692308 0.6574519230769231 0.10697115384615384 0.21394230769230768
4 0.5288461538461539 0.625 0.1201923076923077 0.23798076923076922
4 0.5612980769230769 0.48197115384615385 0.1466346153846154 0.2800480769230769
4 0.7752403846153846 0.41346153846153844 0.1201923076923077 0.20432692307692307
4 0.6682692307692307 0.40865384615384615 0.1045673076923077 0.25841346153846156
4 0.5901442307692307 0.45552884615384615 0.08774038461538461 0.1935096153846154
4 0.40024038461538464 0.5384615384615384 0.12259615384615384 0.15384615384615385
4 0.3137019230769231 0.48197115384615385 0.0985576923076923 0.15625
4 0.34134615384615385 0.3942307692307692 0.10697115384615384 0.15625
4 0.37259615384615385 0.34975961538461536 0.07692307692307693 0.11658653846153846
4 0.43149038461538464 0.3125 0.08052884615384616 0.12980769230769232
4 0.4519230769230769 0.43149038461538464 0.07692307692307693 0.10817307692307693
4 0.4375 0.5084134615384616 0.11778846153846154 0.19951923076923078
4 0.5985576923076923 0.35697115384615385 0.06610576923076923 0.14543269230769232
4 0.6129807692307693 0.27884615384615385 0.06370192307692307 0.13341346153846154
4 0.6394230769230769 0.23076923076923078 0.07451923076923077 0.12259615384615384
4 0.7103365384615384 0.21754807692307693 0.05048076923076923 0.039663461538461536
4 0.7127403846153846 0.3076923076923077 0.07692307692307693 0.13581730769230768
4 0.8401442307692307 0.32572115384615385 0.07451923076923077 0.15625
4 0.8173076923076923 0.3737980769230769 0.07211538461538461 0.18389423076923078
4 0.7716346153846154 0.265625 0.056490384615384616 0.09254807692307693
4 0.44350961538461536 0.2608173076923077 0.0829326923076923 0.11778846153846154