1 0.4699519230769231 0.7199519230769231 0.4879807692307692 0.41586538461538464
1 0.8509615384615384 0.4326923076923077 0.29447115384615385 0.34375
1 0.3389423076923077 0.29927884615384615 0.29447115384615385 0.41346153846153844
1 0.7836538461538461 0.27403846153846156 0.38341346153846156 0.48197115384615385
1 0.23677884615384615 0.15625 0.14182692307692307 0.3112980769230769
14 0.5216346153846154 0.13942307692307693 0.09615384615384616 0.27283653846153844
14 0.3004807692307692 0.24278846153846154 0.1778846153846154 0.4855769230769231
14 0.48677884615384615 0.5024038461538461 0.3016826923076923 0.4675480769230769
14 0.14302884615384615 0.6526442307692307 0.1814903846153846 0.5985576923076923
14 0.10096153846153846 0.8894230769230769 0.1658653846153846 0.16706730769230768
14 0.44350961538461536 0.8641826923076923 0.12379807692307693 0.1346153846153846
14 0.14302884615384615 0.5625 0.17427884615384615 0.6466346153846154
14 0.8245192307692307 0.33774038461538464 0.23557692307692307 0.6706730769230769
14 0.7620192307692307 0.2608173076923077 0.10817307692307693 0.5204326923076923
14 0.08774038461538461 0.24158653846153846 0.17548076923076922 0.4831730769230769