1 0.8064903846153846 0.6009615384615384 0.16947115384615385 0.16105769230769232
1 0.9387019230769231 0.5985576923076923 0.09375 0.2512019230769231
1 0.6310096153846154 0.4963942307692308 0.18629807692307693 0.3269230769230769
1 0.4362980769230769 0.6334134615384616 0.21995192307692307 0.30288461538461536
1 0.28365384615384615 0.48197115384615385 0.06009615384615385 0.12139423076923077
1 0.07451923076923077 0.5877403846153846 0.14543269230769232 0.2608173076923077
14 0.9495192307692307 0.5540865384615384 0.09615384615384616 0.43028846153846156
14 0.8185096153846154 0.5276442307692307 0.11057692307692307 0.23677884615384615
14 0.6081730769230769 0.5516826923076923 0.13581730769230768 0.42427884615384615
14 0.4675480769230769 0.5276442307692307 0.15625 0.5276442307692307
14 0.09254807692307693 0.47475961538461536 0.1141826923076923 0.390625
14 0.3425480769230769 0.4651442307692308 0.05048076923076923 0.16105769230769232