15 0.21634615384615385 0.7115384615384616 0.09615384615384616 0.15625
15 0.3401442307692308 0.7007211538461539 0.1045673076923077 0.12620192307692307
15 0.3605769230769231 0.7355769230769231 0.08533653846153846 0.12620192307692307
15 0.46875 0.6790865384615384 0.09615384615384616 0.06971153846153846
15 0.46875 0.7536057692307693 0.09014423076923077 0.11177884615384616
15 0.5721153846153846 0.6454326923076923 0.09375 0.30408653846153844
15 0.20793269230769232 0.31009615384615385 0.12740384615384615 0.171875
15 0.33052884615384615 0.29447115384615385 0.10096153846153846 0.17548076923076922
15 0.4387019230769231 0.3125 0.1201923076923077 0.16346153846153846
15 0.5240384615384616 0.3389423076923077 0.05048076923076923 0.09375
15 0.5877403846153846 0.3233173076923077 0.109375 0.1502403846153846