14 0.31850961538461536 0.4254807692307692 0.6370192307692307 0.7584134615384616
14 0.5420673076923077 0.8605769230769231 0.8197115384615384 0.2764423076923077
14 0.8786057692307693 0.5841346153846154 0.2127403846153846 0.3641826923076923
14 0.7608173076923077 0.6081730769230769 0.2127403846153846 0.27163461538461536
14 0.8052884615384616 0.43509615384615385 0.16826923076923078 0.15384615384615385
14 0.7644230769230769 0.39903846153846156 0.056490384615384616 0.05048076923076923
14 0.7211538461538461 0.3894230769230769 0.042067307692307696 0.05048076923076923
14 0.6081730769230769 0.5480769230769231 0.2247596153846154 0.3485576923076923
14 0.4026442307692308 0.5084134615384616 0.29447115384615385 0.3942307692307692
14 0.49158653846153844 0.5072115384615384 0.18870192307692307 0.3581730769230769
14 0.04807692307692308 0.28725961538461536 0.09615384615384616 0.20552884615384615