15 0.078125 0.2620192307692308 0.13942307692307693 0.11177884615384616
15 0.26322115384615385 0.4014423076923077 0.11778846153846154 0.09975961538461539
15 0.49399038461538464 0.5288461538461539 0.13581730769230768 0.10576923076923077
15 0.7451923076923077 0.4074519230769231 0.13581730769230768 0.1045673076923077
15 0.08173076923076923 0.7536057692307693 0.15144230769230768 0.17548076923076922
15 0.16466346153846154 0.8774038461538461 0.10336538461538461 0.14182692307692307
15 0.2932692307692308 0.8774038461538461 0.0889423076923077 0.13341346153846154
15 0.3713942307692308 0.6646634615384616 0.13341346153846154 0.10216346153846154
15 0.37740384615384615 0.5733173076923077 0.12740384615384615 0.12620192307692307
15 0.6430288461538461 0.5733173076923077 0.13341346153846154 0.0985576923076923
15 0.6334134615384616 0.6550480769230769 0.12980769230769232 0.09375
15 0.828125 0.8665865384615384 0.09495192307692307 0.1502403846153846
15 0.7692307692307693 0.8617788461538461 0.15384615384615385 0.14783653846153846