13 0.11177884615384616 0.5336538461538461 0.1875 0.1814903846153846
13 0.7548076923076923 0.5408653846153846 0.09014423076923077 0.234375
13 0.9579326923076923 0.5348557692307693 0.08052884615384616 0.22115384615384615
13 0.4362980769230769 0.5492788461538461 0.06009615384615385 0.17548076923076922
6 0.9855769230769231 0.6574519230769231 0.026442307692307692 0.3545673076923077
13 0.6225961538461539 0.6550480769230769 0.18389423076923078 0.24759615384615385
6 0.390625 0.5120192307692307 0.11057692307692307 0.15985576923076922
14 0.8629807692307693 0.4675480769230769 0.04567307692307692 0.24759615384615385
14 0.8305288461538461 0.5264423076923077 0.09375 0.3389423076923077
14 0.6574519230769231 0.5805288461538461 0.10817307692307693 0.42908653846153844
14 0.578125 0.4230769230769231 0.06009615384615385 0.1141826923076923
14 0.5012019230769231 0.5072115384615384 0.09014423076923077 0.3088942307692308
14 0.41586538461538464 0.5024038461538461 0.051682692307692304 0.2536057692307692
14 0.15745192307692307 0.5132211538461539 0.07572115384615384 0.27524038461538464