10 0.4723557692307692 0.7331730769230769 0.7680288461538461 0.5300480769230769
10 0.5697115384615384 0.29927884615384615 0.5360576923076923 0.3425480769230769
10 0.625 0.09254807692307693 0.39783653846153844 0.1814903846153846
4 0.6298076923076923 0.08052884615384616 0.04807692307692308 0.0625
4 0.5408653846153846 0.27163461538461536 0.08533653846153846 0.13581730769230768
14 0.3245192307692308 0.0985576923076923 0.21634615384615385 0.19230769230769232
14 0.2548076923076923 0.1875 0.27524038461538464 0.22596153846153846
14 0.2608173076923077 0.30408653846153844 0.2668269230769231 0.26802884615384615
14 0.19110576923076922 0.5625 0.38100961538461536 0.4074519230769231
14 0.09254807692307693 0.8786057692307693 0.17307692307692307 0.22596153846153846
14 0.8076923076923077 0.125 0.2608173076923077 0.24158653846153846
14 0.9182692307692307 0.2824519230769231 0.15745192307692307 0.4723557692307692
14 0.9170673076923077 0.4963942307692308 0.15985576923076922 0.5036057692307693