2 0.24158653846153846 0.18028846153846154 0.13581730769230768 0.10096153846153846
2 0.3641826923076923 0.28846153846153844 0.13581730769230768 0.10336538461538461
2 0.36778846153846156 0.20552884615384615 0.13942307692307693 0.1141826923076923
2 0.37740384615384615 0.9098557692307693 0.15384615384615385 0.10697115384615384
2 0.6310096153846154 0.859375 0.21754807692307693 0.12740384615384615
2 0.8245192307692307 0.8052884615384616 0.16346153846153846 0.10096153846153846
2 0.9411057692307693 0.5240384615384616 0.1141826923076923 0.12259615384615384
2 0.6262019230769231 0.5168269230769231 0.19230769230769232 0.1141826923076923
2 0.7620192307692307 0.3737980769230769 0.14783653846153846 0.109375
2 0.7896634615384616 0.06009615384615385 0.15144230769230768 0.0985576923076923
2 0.5805288461538461 0.06490384615384616 0.12620192307692307 0.10336538461538461
2 0.6634615384615384 0.10216346153846154 0.12620192307692307 0.07692307692307693
2 0.17548076923076922 0.25 0.12740384615384615 0.11658653846153846
2 0.2536057692307692 0.8365384615384616 0.21153846153846154 0.140625
2 0.45552884615384615 0.8161057692307693 0.11778846153846154 0.12259615384615384
2 0.7295673076923077 0.7800480769230769 0.171875 0.10336538461538461
2 0.7271634615384616 0.5721153846153846 0.14182692307692307 0.08533653846153846
2 0.43028846153846156 0.7283653846153846 0.23197115384615385 0.15384615384615385
2 0.2824519230769231 0.6165865384615384 0.15384615384615385 0.12740384615384615
2 0.2283653846153846 0.4579326923076923 0.13581730769230768 0.16466346153846154
2 0.36658653846153844 0.4110576923076923 0.13822115384615385 0.1466346153846154
2 0.8209134615384616 0.3016826923076923 0.1658653846153846 0.125
2 0.6370192307692307 0.25240384615384615 0.12980769230769232 0.13822115384615385
2 0.41466346153846156 0.1466346153846154 0.10216346153846154 0.09615384615384616
2 0.33653846153846156 0.12259615384615384 0.078125 0.10697115384615384
2 0.49759615384615385 0.6021634615384616 0.19230769230769232 0.13581730769230768
2 0.9338942307692307 0.11658653846153846 0.08052884615384616 0.13341346153846154
2 0.8449519230769231 0.17307692307692307 0.14543269230769232 0.13341346153846154
2 0.7355769230769231 0.16105769230769232 0.12620192307692307 0.07692307692307693
2 0.7572115384615384 0.21153846153846154 0.10216346153846154 0.1466346153846154
2 0.5216346153846154 0.3641826923076923 0.14423076923076922 0.14903846153846154
2 0.5204326923076923 0.3173076923076923 0.1502403846153846 0.0985576923076923
2 0.6586538461538461 0.3389423076923077 0.10216346153846154 0.125
2 0.6574519230769231 0.4375 0.13581730769230768 0.09254807692307693
2 0.7524038461538461 0.47596153846153844 0.13341346153846154 0.11177884615384616
2 0.9507211538461539 0.4170673076923077 0.09375 0.12259615384615384
2 0.8978365384615384 0.042067307692307696 0.09615384615384616 0.07451923076923077
2 0.8629807692307693 0.25 0.14182692307692307 0.10096153846153846
2 0.546875 0.18990384615384615 0.09375 0.125
2 0.5925480769230769 0.13221153846153846 0.09615384615384616 0.125
2 0.4483173076923077 0.25961538461538464 0.08774038461538461 0.1141826923076923
2 0.9278846153846154 0.3016826923076923 0.12740384615384615 0.06610576923076923