3 0.4987980769230769 0.47115384615384615 0.9975961538461539 0.9362980769230769
3 0.47475961538461536 0.5024038461538461 0.14182692307692307 0.06610576923076923
3 0.6995192307692307 0.5360576923076923 0.21153846153846154 0.09615384615384616
3 0.9038461538461539 0.5456730769230769 0.18389423076923078 0.09375
5 0.8112980769230769 0.8257211538461539 0.3737980769230769 0.2536057692307692
6 0.328125 0.9110576923076923 0.06370192307692307 0.0829326923076923
14 0.9735576923076923 0.8978365384615384 0.04807692307692308 0.19951923076923078
14 0.9170673076923077 0.9038461538461539 0.05048076923076923 0.18629807692307693
14 0.8461538461538461 0.9074519230769231 0.06009615384615385 0.17908653846153846
14 0.8209134615384616 0.8930288461538461 0.042067307692307696 0.203125
14 0.7475961538461539 0.9050480769230769 0.06009615384615385 0.18389423076923078
14 0.6021634615384616 0.8918269230769231 0.06370192307692307 0.21033653846153846
14 0.6442307692307693 0.9146634615384616 0.04447115384615385 0.1658653846153846
14 0.5300480769230769 0.9038461538461539 0.07572115384615384 0.18629807692307693
14 0.4807692307692308 0.9050480769230769 0.057692307692307696 0.18389423076923078
14 0.4266826923076923 0.9098557692307693 0.057692307692307696 0.17548076923076922
14 0.40024038461538464 0.9038461538461539 0.039663461538461536 0.18629807692307693
14 0.3629807692307692 0.9074519230769231 0.04567307692307692 0.16826923076923078
14 0.27283653846153844 0.9074519230769231 0.07451923076923077 0.17908653846153846
14 0.21995192307692307 0.9026442307692307 0.09254807692307693 0.18990384615384615
14 0.125 0.9002403846153846 0.06971153846153846 0.18990384615384615
14 0.06610576923076923 0.9146634615384616 0.04807692307692308 0.1658653846153846
14 0.026442307692307692 0.9122596153846154 0.04447115384615385 0.17067307692307693