14 0.45913461538461536 0.26802884615384615 0.042067307692307696 0.1466346153846154
14 0.18870192307692307 0.2512019230769231 0.030048076923076924 0.09615384615384616
14 0.12980769230769232 0.25841346153846156 0.036057692307692304 0.08533653846153846
14 0.8557692307692307 0.2980769230769231 0.08413461538461539 0.2776442307692308
14 0.7776442307692307 0.3016826923076923 0.07211538461538461 0.2824519230769231
14 0.6454326923076923 0.41346153846153844 0.21754807692307693 0.7524038461538461
4 0.3858173076923077 0.8365384615384616 0.036057692307692304 0.1466346153846154
4 0.43028846153846156 0.8533653846153846 0.02403846153846154 0.10096153846153846
4 0.5492788461538461 0.8533653846153846 0.03365384615384615 0.12259615384615384
4 0.5829326923076923 0.8569711538461539 0.030048076923076924 0.1141826923076923
4 0.34975961538461536 0.8413461538461539 0.02403846153846154 0.109375
4 0.30288461538461536 0.8209134615384616 0.026442307692307692 0.12740384615384615