16 0.7427884615384616 0.4579326923076923 0.31009615384615385 0.23557692307692307
16 0.6225961538461539 0.3317307692307692 0.2980769230769231 0.07572115384615384
16 0.6899038461538461 0.3173076923076923 0.30408653846153844 0.07451923076923077
16 0.3004807692307692 0.40384615384615385 0.3076923076923077 0.28365384615384615
16 0.06850961538461539 0.31009615384615385 0.13581730769230768 0.19230769230769232
16 0.3004807692307692 0.23557692307692307 0.1875 0.04807692307692308
16 0.5240384615384616 0.24759615384615385 0.12379807692307693 0.06009615384615385
16 0.5372596153846154 0.23557692307692307 0.25841346153846156 0.07451923076923077
16 0.4951923076923077 0.4699519230769231 0.23798076923076922 0.24759615384615385
16 0.9254807692307693 0.2548076923076923 0.11658653846153846 0.06610576923076923
16 0.14543269230769232 0.3605769230769231 0.2620192307692308 0.21754807692307693
16 0.9519230769230769 0.3245192307692308 0.09254807692307693 0.15985576923076922
16 0.9735576923076923 0.20793269230769232 0.04447115384615385 0.06370192307692307
16 0.7860576923076923 0.2439903846153846 0.09975961538461539 0.07211538461538461
16 0.8076923076923077 0.2608173076923077 0.12379807692307693 0.054086538461538464
16 0.8786057692307693 0.38822115384615385 0.1141826923076923 0.2283653846153846
16 0.6706730769230769 0.25721153846153844 0.13822115384615385 0.078125
16 0.2704326923076923 0.2764423076923077 0.05048076923076923 0.057692307692307696
16 0.18028846153846154 0.24879807692307693 0.1045673076923077 0.05048076923076923