9 0.12259615384615384 0.7331730769230769 0.15625 0.203125
9 0.27403846153846156 0.6298076923076923 0.15144230769230768 0.15985576923076922
9 0.5949519230769231 0.7235576923076923 0.1658653846153846 0.15745192307692307
9 0.6875 0.6382211538461539 0.11057692307692307 0.1141826923076923
9 0.46274038461538464 0.5709134615384616 0.11778846153846154 0.14423076923076922
9 0.32091346153846156 0.35096153846153844 0.0985576923076923 0.08774038461538461
9 0.45913461538461536 0.30649038461538464 0.08173076923076923 0.04807692307692308
9 0.5528846153846154 0.3088942307692308 0.042067307692307696 0.09014423076923077
9 0.5985576923076923 0.34615384615384615 0.036057692307692304 0.10697115384615384
9 0.7463942307692307 0.3425480769230769 0.04807692307692308 0.08774038461538461
9 0.8762019230769231 0.4170673076923077 0.07572115384615384 0.05048076923076923
9 0.42908653846153844 0.17307692307692307 0.078125 0.06971153846153846
9 0.3581730769230769 0.15144230769230768 0.06009615384615385 0.04807692307692308