14 0.8329326923076923 0.71875 0.25 0.5516826923076923
14 0.7475961538461539 0.5805288461538461 0.13221153846153846 0.2536057692307692
14 0.6225961538461539 0.7560096153846154 0.19591346153846154 0.46634615384615385
14 0.3954326923076923 0.7319711538461539 0.26802884615384615 0.5144230769230769
14 0.16706730769230768 0.7115384615384616 0.20192307692307693 0.43149038461538464
14 0.53125 0.5588942307692307 0.1141826923076923 0.22115384615384615
14 0.3245192307692308 0.6201923076923077 0.057692307692307696 0.1141826923076923
10 0.5084134615384616 0.8161057692307693 0.6274038461538461 0.35216346153846156
8 0.7019230769230769 0.8954326923076923 0.20793269230769232 0.1971153846153846
8 0.44350961538461536 0.9314903846153846 0.24158653846153846 0.1310096153846154
8 0.9242788461538461 0.9038461538461539 0.14783653846153846 0.18629807692307693
8 0.09975961538461539 0.8413461538461539 0.19591346153846154 0.30649038461538464