12 0.8064903846153846 0.5733173076923077 0.22596153846153846 0.2824519230769231
12 0.1658653846153846 0.46274038461538464 0.14783653846153846 0.14903846153846154
14 0.8125 0.4266826923076923 0.078125 0.20192307692307693
14 0.17307692307692307 0.38221153846153844 0.0625 0.14903846153846154
9 0.1875 0.5913461538461539 0.16826923076923078 0.24519230769230768
9 0.27163461538461536 0.6165865384615384 0.19230769230769232 0.21995192307692307
9 0.43509615384615385 0.6310096153846154 0.1778846153846154 0.2548076923076923
9 0.4375 0.6286057692307693 0.1201923076923077 0.21394230769230768
9 0.5456730769230769 0.6502403846153846 0.08774038461538461 0.2704326923076923
9 0.6141826923076923 0.6225961538461539 0.07211538461538461 0.24519230769230768
9 0.6742788461538461 0.6538461538461539 0.07211538461538461 0.23918269230769232
9 0.7091346153846154 0.6322115384615384 0.054086538461538464 0.23317307692307693
9 0.8004807692307693 0.6442307692307693 0.09014423076923077 0.2644230769230769
9 0.9555288461538461 0.578125 0.08413461538461539 0.19230769230769232
9 0.5793269230769231 0.5108173076923077 0.15384615384615385 0.078125
9 0.6730769230769231 0.4987980769230769 0.042067307692307696 0.052884615384615384