8 0.9314903846153846 0.6045673076923077 0.1045673076923077 0.18028846153846154
8 0.8064903846153846 0.5276442307692307 0.06971153846153846 0.07692307692307693
8 0.6141826923076923 0.7439903846153846 0.171875 0.12259615384615384
8 0.1875 0.8834134615384616 0.16346153846153846 0.2283653846153846
8 0.20072115384615385 0.6887019230769231 0.1622596153846154 0.17668269230769232
8 0.4074519230769231 0.65625 0.14182692307692307 0.18028846153846154
8 0.3076923076923077 0.5408653846153846 0.04807692307692308 0.07692307692307693
8 0.36658653846153844 0.5853365384615384 0.057692307692307696 0.09735576923076923
8 0.6959134615384616 0.546875 0.07572115384615384 0.12259615384615384
10 0.6009615384615384 0.8798076923076923 0.40625 0.21153846153846154
10 0.28725961538461536 0.6646634615384616 0.18990384615384615 0.18629807692307693