10 0.5 0.78125 0.9963942307692307 0.43149038461538464
4 0.8894230769230769 0.7451923076923077 0.10216346153846154 0.3918269230769231
4 0.5168269230769231 0.6959134615384616 0.057692307692307696 0.24519230769230768
4 0.5144230769230769 0.6382211538461539 0.07572115384615384 0.2800480769230769
4 0.6286057692307693 0.6069711538461539 0.07451923076923077 0.2536057692307692
4 0.32572115384615385 0.5084134615384616 0.11177884615384616 0.0829326923076923
15 0.6177884615384616 0.1971153846153846 0.13581730769230768 0.17067307692307693
8 0.9423076923076923 0.5 0.11177884615384616 0.16826923076923078
14 0.8365384615384616 0.4795673076923077 0.32211538461538464 0.36778846153846156
14 0.6394230769230769 0.45072115384615385 0.21995192307692307 0.3629807692307692
14 0.37259615384615385 0.4098557692307692 0.29447115384615385 0.3701923076923077
14 0.1141826923076923 0.4423076923076923 0.20793269230769232 0.33653846153846156