5 0.5588942307692307 0.3894230769230769 0.06971153846153846 0.12259615384615384
5 0.3485576923076923 0.3557692307692308 0.3557692307692308 0.4795673076923077
6 0.1201923076923077 0.47115384615384615 0.09975961538461539 0.08653846153846154
6 0.055288461538461536 0.46875 0.11057692307692307 0.12259615384615384
14 0.38100961538461536 0.7151442307692307 0.2860576923076923 0.5661057692307693
14 0.48197115384615385 0.6334134615384616 0.08413461538461539 0.3605769230769231
14 0.5252403846153846 0.44350961538461536 0.07451923076923077 0.14423076923076922
14 0.5913461538461539 0.7211538461538461 0.17427884615384615 0.5456730769230769
14 0.7644230769230769 0.8137019230769231 0.3545673076923077 0.36778846153846156
14 0.8834134615384616 0.6995192307692307 0.1658653846153846 0.5985576923076923
14 0.8185096153846154 0.3858173076923077 0.07572115384615384 0.09254807692307693
14 0.7439903846153846 0.5180288461538461 0.15625 0.2439903846153846
14 0.6634615384615384 0.46875 0.08413461538461539 0.13822115384615385