10 0.5288461538461539 0.6430288461538461 0.8377403846153846 0.7067307692307693
8 0.8930288461538461 0.6658653846153846 0.17427884615384615 0.47475961538461536
8 0.7704326923076923 0.46274038461538464 0.12620192307692307 0.39302884615384615
8 0.71875 0.36899038461538464 0.078125 0.28365384615384615
8 0.6622596153846154 0.30649038461538464 0.06370192307692307 0.21394230769230768
8 0.46153846153846156 0.23076923076923078 0.12620192307692307 0.12980769230769232
8 0.25841346153846156 0.31971153846153844 0.051682692307692304 0.20552884615384615
8 0.22596153846153846 0.38461538461538464 0.08774038461538461 0.28725961538461536
8 0.19230769230769232 0.484375 0.11658653846153846 0.4074519230769231
8 0.10576923076923077 0.7079326923076923 0.15625 0.5168269230769231
8 0.051682692307692304 0.359375 0.10336538461538461 0.23798076923076922
8 0.30649038461538464 0.22956730769230768 0.10576923076923077 0.1814903846153846