14 0.6887019230769231 0.5733173076923077 0.265625 0.7728365384615384
14 0.24759615384615385 0.6045673076923077 0.29447115384615385 0.7115384615384616
14 0.7415865384615384 0.2283653846153846 0.038461538461538464 0.16826923076923078
14 0.8100961538461539 0.2283653846153846 0.036057692307692304 0.109375
14 0.8269230769230769 0.24879807692307693 0.03365384615384615 0.08774038461538461
14 0.859375 0.27283653846153844 0.04567307692307692 0.109375
10 0.44471153846153844 0.7307692307692307 0.4098557692307692 0.5012019230769231
10 0.8497596153846154 0.47475961538461536 0.171875 0.15985576923076922
10 0.9170673076923077 0.38822115384615385 0.1622596153846154 0.1045673076923077
10 0.7848557692307693 0.33413461538461536 0.12620192307692307 0.1045673076923077
14 0.984375 0.2980769230769231 0.027644230769230768 0.13341346153846154
8 0.8245192307692307 0.6971153846153846 0.2956730769230769 0.5841346153846154
8 0.15384615384615385 0.7091346153846154 0.3076923076923077 0.5721153846153846
8 0.8149038461538461 0.7800480769230769 0.36658653846153844 0.43509615384615385
8 0.05048076923076923 0.7824519230769231 0.09975961538461539 0.42908653846153844