14 0.5949519230769231 0.5733173076923077 0.0985576923076923 0.6346153846153846
14 0.5504807692307693 0.6189903846153846 0.23557692307692307 0.5709134615384616
14 0.3581730769230769 0.7115384615384616 0.1875 0.4795673076923077
14 0.8810096153846154 0.4951923076923077 0.20552884615384615 0.5576923076923077
14 0.6165865384615384 0.21875 0.11177884615384616 0.2403846153846154
14 0.20552884615384615 0.24759615384615385 0.13581730769230768 0.234375
14 0.09134615384615384 0.6057692307692307 0.1814903846153846 0.65625
14 0.22355769230769232 0.6201923076923077 0.17548076923076922 0.6586538461538461
14 0.40865384615384615 0.5685096153846154 0.12259615384615384 0.4795673076923077
14 0.328125 0.3161057692307692 0.15985576923076922 0.3605769230769231
14 0.4807692307692308 0.3161057692307692 0.1622596153846154 0.2800480769230769
14 0.6814903846153846 0.3762019230769231 0.12740384615384615 0.35697115384615385
14 0.7860576923076923 0.36778846153846156 0.12740384615384615 0.421875
14 0.6983173076923077 0.7415865384615384 0.17548076923076922 0.3894230769230769
14 0.8725961538461539 0.7247596153846154 0.19831730769230768 0.4423076923076923