1 0.6983173076923077 0.7307692307692307 0.07211538461538461 0.19831730769230768
1 0.7608173076923077 0.65625 0.0625 0.1622596153846154
1 0.5444711538461539 0.7475961538461539 0.057692307692307696 0.22596153846153846
1 0.3858173076923077 0.765625 0.1045673076923077 0.20072115384615385
1 0.15384615384615385 0.7764423076923077 0.09615384615384616 0.22956730769230768
14 0.38341346153846156 0.6502403846153846 0.11057692307692307 0.3798076923076923
14 0.16346153846153846 0.6430288461538461 0.11177884615384616 0.3076923076923077
14 0.5408653846153846 0.640625 0.10216346153846154 0.3545673076923077
14 0.7019230769230769 0.6213942307692307 0.11658653846153846 0.38221153846153844
14 0.09375 0.6826923076923077 0.06850961538461539 0.3329326923076923
14 0.02283653846153846 0.6610576923076923 0.04567307692307692 0.3545673076923077
14 0.8257211538461539 0.5673076923076923 0.051682692307692304 0.25721153846153844
14 0.8810096153846154 0.5757211538461539 0.05048076923076923 0.26802884615384615
14 0.9242788461538461 0.5637019230769231 0.04447115384615385 0.27403846153846156
14 0.9627403846153846 0.5552884615384616 0.057692307692307696 0.27884615384615385
14 0.9891826923076923 0.5528846153846154 0.018028846153846152 0.25721153846153844
5 0.5324519230769231 0.5264423076923077 0.20432692307692307 0.2704326923076923
5 0.6694711538461539 0.5204326923076923 0.30649038461538464 0.31009615384615385