12 0.6646634615384616 0.7139423076923077 0.4254807692307692 0.45913461538461536
11 0.3641826923076923 0.4675480769230769 0.04807692307692308 0.125
14 0.32211538461538464 0.5072115384615384 0.19230769230769232 0.5588942307692307
14 0.9074519230769231 0.234375 0.057692307692307696 0.26322115384615385
14 0.8425480769230769 0.22115384615384615 0.03245192307692308 0.24158653846153846
14 0.8137019230769231 0.18990384615384615 0.027644230769230768 0.11778846153846154
14 0.6923076923076923 0.23798076923076922 0.04807692307692308 0.25600961538461536
14 0.5576923076923077 0.3112980769230769 0.056490384615384616 0.25240384615384615
14 0.5360576923076923 0.265625 0.039663461538461536 0.28846153846153844
14 0.4891826923076923 0.28125 0.030048076923076924 0.13581730769230768
14 0.4375 0.3173076923076923 0.04567307692307692 0.20673076923076922
14 0.3713942307692308 0.3137019230769231 0.05048076923076923 0.18509615384615385