6 0.0625 0.44591346153846156 0.09014423076923077 0.06370192307692307
6 0.3485576923076923 0.4423076923076923 0.039663461538461536 0.052884615384615384
6 0.3786057692307692 0.4362980769230769 0.042067307692307696 0.04567307692307692
6 0.41346153846153844 0.44591346153846156 0.03365384615384615 0.04807692307692308
6 0.4639423076923077 0.4519230769230769 0.06009615384615385 0.056490384615384616
6 0.5264423076923077 0.4543269230769231 0.051682692307692304 0.056490384615384616
6 0.5661057692307693 0.4579326923076923 0.04447115384615385 0.06129807692307692
6 0.6177884615384616 0.46274038461538464 0.06850961538461539 0.06129807692307692
6 0.7043269230769231 0.5132211538461539 0.1045673076923077 0.06610576923076923
6 0.8786057692307693 0.49278846153846156 0.07451923076923077 0.06370192307692307
6 0.7848557692307693 0.47596153846153844 0.057692307692307696 0.06610576923076923
6 0.9350961538461539 0.5817307692307693 0.0985576923076923 0.09615384615384616
6 0.29927884615384615 0.5697115384615384 0.18990384615384615 0.0829326923076923
6 0.18509615384615385 0.5324519230769231 0.11057692307692307 0.06610576923076923
6 0.18389423076923078 0.4651442307692308 0.11177884615384616 0.06129807692307692