13 0.9074519230769231 0.5564903846153846 0.18028846153846154 0.3629807692307692
13 0.6754807692307693 0.5336538461538461 0.22596153846153846 0.35336538461538464
13 0.4543269230769231 0.5745192307692307 0.3485576923076923 0.38100961538461536
14 0.7007211538461539 0.5060096153846154 0.19831730769230768 0.43149038461538464
14 0.4951923076923077 0.5637019230769231 0.33413461538461536 0.5108173076923077
14 0.9134615384615384 0.5300480769230769 0.16826923076923078 0.41947115384615385
14 0.7872596153846154 0.34134615384615385 0.057692307692307696 0.28365384615384615
13 0.45913461538461536 0.3545673076923077 0.10216346153846154 0.20192307692307693
14 0.7776442307692307 0.32572115384615385 0.056490384615384616 0.2536057692307692
14 0.6478365384615384 0.2800480769230769 0.09254807692307693 0.11177884615384616
14 0.05048076923076923 0.18389423076923078 0.04447115384615385 0.11538461538461539