8 0.17067307692307693 0.7211538461538461 0.34134615384615385 0.5432692307692307
8 0.4074519230769231 0.4795673076923077 0.1201923076923077 0.19230769230769232
8 0.7103365384615384 0.4483173076923077 0.1201923076923077 0.17067307692307693
8 0.6382211538461539 0.7584134615384616 0.28365384615384615 0.47716346153846156
8 0.7524038461538461 0.7223557692307693 0.171875 0.5384615384615384
8 0.8185096153846154 0.4050480769230769 0.054086538461538464 0.11177884615384616
10 0.4254807692307692 0.7211538461538461 0.7259615384615384 0.5408653846153846
10 0.9110576923076923 0.48677884615384615 0.16947115384615385 0.23197115384615385
19 0.09375 0.31971153846153844 0.1875 0.28365384615384615
14 0.6526442307692307 0.33052884615384615 0.11778846153846154 0.33653846153846156
15 0.0625 0.09014423076923077 0.1201923076923077 0.18028846153846154
15 0.5024038461538461 0.5204326923076923 0.1502403846153846 0.19230769230769232
4 0.25721153846153844 0.6538461538461539 0.04567307692307692 0.20793269230769232