10 0.5600961538461539 0.5480769230769231 0.8762019230769231 0.4182692307692308
10 0.47596153846153844 0.7716346153846154 0.8245192307692307 0.45072115384615385
8 0.9675480769230769 0.4098557692307692 0.06009615384615385 0.15745192307692307
8 0.8125 0.36778846153846156 0.1045673076923077 0.10096153846153846
8 0.4519230769230769 0.31971153846153844 0.08774038461538461 0.06971153846153846
8 0.10697115384615384 0.4855769230769231 0.12259615384615384 0.2127403846153846
8 0.24759615384615385 0.47716346153846156 0.1045673076923077 0.19230769230769232
8 0.36778846153846156 0.4639423076923077 0.09975961538461539 0.17548076923076922
8 0.4495192307692308 0.46274038461538464 0.07572115384615384 0.25841346153846156
8 0.5024038461538461 0.4735576923076923 0.0625 0.27524038461538464
8 0.5444711538461539 0.4951923076923077 0.07572115384615384 0.2956730769230769
8 0.6382211538461539 0.5576923076923077 0.15144230769230768 0.3629807692307692
8 0.7704326923076923 0.6418269230769231 0.15745192307692307 0.4723557692307692
8 0.9122596153846154 0.7235576923076923 0.171875 0.5408653846153846
8 0.7884615384615384 0.7632211538461539 0.22235576923076922 0.30408653846153844
8 0.6045673076923077 0.6490384615384616 0.12980769230769232 0.16826923076923078