14 0.07692307692307693 0.4651442307692308 0.03365384615384615 0.19471153846153846
14 0.11177884615384616 0.48677884615384615 0.06009615384615385 0.2800480769230769
14 0.23677884615384615 0.47475961538461536 0.042067307692307696 0.21875
14 0.29086538461538464 0.5012019230769231 0.06610576923076923 0.31490384615384615
14 0.38341346153846156 0.4723557692307692 0.042067307692307696 0.17067307692307693
14 0.43149038461538464 0.4855769230769231 0.06610576923076923 0.25600961538461536
14 0.5504807692307693 0.48677884615384615 0.04447115384615385 0.17908653846153846
14 0.6778846153846154 0.5516826923076923 0.07572115384615384 0.3629807692307692
14 0.765625 0.5216346153846154 0.06009615384615385 0.27524038461538464
14 0.8497596153846154 0.5012019230769231 0.07211538461538461 0.21875
14 0.04447115384615385 0.7896634615384616 0.08413461538461539 0.41586538461538464
14 0.6045673076923077 0.4831730769230769 0.03365384615384615 0.10697115384615384
14 0.9711538461538461 0.42908653846153844 0.038461538461538464 0.08052884615384616
14 0.9254807692307693 0.49759615384615385 0.04807692307692308 0.17307692307692307
14 0.4855769230769231 0.5024038461538461 0.03245192307692308 0.08774038461538461
14 0.4987980769230769 0.4675480769230769 0.03365384615384615 0.13581730769230768