14 0.703125 0.4495192307692308 0.09375 0.3329326923076923
14 0.27283653846153844 0.4543269230769231 0.08173076923076923 0.2644230769230769
14 0.14302884615384615 0.453125 0.07451923076923077 0.234375
14 0.025240384615384616 0.43990384615384615 0.05048076923076923 0.22355769230769232
14 0.390625 0.44350961538461536 0.07451923076923077 0.2692307692307692
14 0.5625 0.5492788461538461 0.03245192307692308 0.12740384615384615
14 0.9915865384615384 0.5625 0.014423076923076924 0.17548076923076922
12 0.7379807692307693 0.59375 0.3245192307692308 0.41346153846153844
12 0.28725961538461536 0.5745192307692307 0.23798076923076922 0.32211538461538464
12 0.06490384615384616 0.5745192307692307 0.12259615384615384 0.2644230769230769
12 0.4423076923076923 0.5745192307692307 0.18028846153846154 0.3125
12 0.16947115384615385 0.5685096153846154 0.09975961538461539 0.2512019230769231