14 0.43149038461538464 0.6165865384615384 0.08052884615384616 0.19110576923076922
14 0.6995192307692307 0.5444711538461539 0.039663461538461536 0.15745192307692307
14 0.890625 0.5204326923076923 0.026442307692307692 0.07211538461538461
14 0.8605769230769231 0.5288461538461539 0.027644230769230768 0.08533653846153846
14 0.8064903846153846 0.5096153846153846 0.030048076923076924 0.039663461538461536
9 0.23918269230769232 0.6706730769230769 0.24158653846153846 0.15985576923076922
9 0.17548076923076922 0.6646634615384616 0.21754807692307693 0.13822115384615385
9 0.5925480769230769 0.6322115384615384 0.15985576923076922 0.125
9 0.4963942307692308 0.6201923076923077 0.056490384615384616 0.07451923076923077
9 0.7884615384615384 0.5697115384615384 0.06610576923076923 0.08533653846153846
9 0.7415865384615384 0.5637019230769231 0.04447115384615385 0.08533653846153846
9 0.8377403846153846 0.5408653846153846 0.027644230769230768 0.06129807692307692