2 0.9254807692307693 0.4254807692307692 0.05048076923076923 0.06129807692307692
2 0.6658653846153846 0.5216346153846154 0.08052884615384616 0.06610576923076923
2 0.7451923076923077 0.375 0.042067307692307696 0.05048076923076923
2 0.44350961538461536 0.5036057692307693 0.078125 0.08052884615384616
2 0.34615384615384615 0.5516826923076923 0.07211538461538461 0.06370192307692307
2 0.08653846153846154 0.5216346153846154 0.04447115384615385 0.07211538461538461
2 0.15745192307692307 0.4951923076923077 0.04447115384615385 0.056490384615384616
2 0.18509615384615385 0.49158653846153844 0.04567307692307692 0.056490384615384616
2 0.12980769230769232 0.671875 0.06370192307692307 0.037259615384615384
2 0.18990384615384615 0.6454326923076923 0.039663461538461536 0.052884615384615384
2 0.2644230769230769 0.515625 0.06009615384615385 0.056490384615384616
2 0.31490384615384615 0.4807692307692308 0.038461538461538464 0.06129807692307692
2 0.296875 0.44711538461538464 0.06610576923076923 0.04567307692307692
2 0.30408653846153844 0.40024038461538464 0.06370192307692307 0.06370192307692307
2 0.37740384615384615 0.4098557692307692 0.07451923076923077 0.03485576923076923
2 0.29447115384615385 0.6225961538461539 0.06370192307692307 0.04567307692307692
2 0.2283653846153846 0.6081730769230769 0.06370192307692307 0.037259615384615384
2 0.24639423076923078 0.6322115384615384 0.051682692307692304 0.037259615384615384
14 0.3605769230769231 0.71875 0.08173076923076923 0.29086538461538464
14 0.4723557692307692 0.7403846153846154 0.09615384615384616 0.23197115384615385
14 0.49759615384615385 0.6346153846153846 0.051682692307692304 0.10096153846153846
14 0.5444711538461539 0.7475961538461539 0.09975961538461539 0.21634615384615385
14 0.515625 0.7163461538461539 0.056490384615384616 0.09375