5 0.09975961538461539 0.35697115384615385 0.19951923076923078 0.37259615384615385
14 0.8641826923076923 0.47836538461538464 0.11177884615384616 0.28125
14 0.6442307692307693 0.4987980769230769 0.12740384615384615 0.3137019230769231
14 0.4879807692307692 0.484375 0.10817307692307693 0.23918269230769232
14 0.359375 0.4483173076923077 0.10576923076923077 0.19591346153846154
14 0.24519230769230768 0.46274038461538464 0.09014423076923077 0.23557692307692307
14 0.12620192307692307 0.44350961538461536 0.10817307692307693 0.23557692307692307
13 0.8605769230769231 0.5540865384615384 0.14182692307692307 0.20793269230769232
13 0.6346153846153846 0.5492788461538461 0.13822115384615385 0.21754807692307693
13 0.4951923076923077 0.5492788461538461 0.12259615384615384 0.19951923076923078
13 0.3641826923076923 0.546875 0.1201923076923077 0.1814903846153846
13 0.2536057692307692 0.5288461538461539 0.12740384615384615 0.1935096153846154
13 0.13221153846153846 0.515625 0.13221153846153846 0.20192307692307693