14 0.42788461538461536 0.6598557692307693 0.24759615384615385 0.6742788461538461
14 0.6033653846153846 0.49759615384615385 0.07451923076923077 0.24759615384615385
14 0.9098557692307693 0.65625 0.09615384615384616 0.2932692307692308
14 0.9699519230769231 0.6009615384615384 0.056490384615384616 0.43990384615384615
14 0.5408653846153846 0.4879807692307692 0.0625 0.234375
14 0.7596153846153846 0.453125 0.027644230769230768 0.08533653846153846
14 0.71875 0.44591346153846156 0.026442307692307692 0.10096153846153846
14 0.6971153846153846 0.43990384615384615 0.026442307692307692 0.08052884615384616
14 0.6766826923076923 0.4375 0.018028846153846152 0.06370192307692307
14 0.6586538461538461 0.4338942307692308 0.018028846153846152 0.07211538461538461
14 0.6394230769230769 0.43028846153846156 0.02403846153846154 0.07692307692307693