14 0.8737980769230769 0.2980769230769231 0.036057692307692304 0.09014423076923077
14 0.921875 0.2956730769230769 0.03245192307692308 0.10096153846153846
14 0.4254807692307692 0.3269230769230769 0.04807692307692308 0.1141826923076923
14 0.4675480769230769 0.3161057692307692 0.038461538461538464 0.0985576923076923
14 0.5757211538461539 0.3629807692307692 0.06850961538461539 0.24519230769230768
14 0.27283653846153844 0.3798076923076923 0.05048076923076923 0.3173076923076923
14 0.25961538461538464 0.4074519230769231 0.06009615384615385 0.33052884615384615
14 0.19471153846153846 0.3545673076923077 0.05048076923076923 0.13822115384615385
14 0.13942307692307693 0.34975961538461536 0.04567307692307692 0.14903846153846154
14 0.09375 0.5661057692307693 0.1875 0.5264423076923077
14 0.018028846153846152 0.7175480769230769 0.036057692307692304 0.5600961538461539