10 0.5420673076923077 0.8401442307692307 0.6322115384615384 0.31490384615384615
8 0.7740384615384616 0.9338942307692307 0.16346153846153846 0.12740384615384615
8 0.7740384615384616 0.6862980769230769 0.1045673076923077 0.1141826923076923
8 0.6610576923076923 0.6706730769230769 0.078125 0.0985576923076923
8 0.4987980769230769 0.6574519230769231 0.042067307692307696 0.09375
8 0.4182692307692308 0.6225961538461539 0.039663461538461536 0.03485576923076923
8 0.203125 0.6213942307692307 0.10216346153846154 0.09014423076923077
8 0.16826923076923078 0.8004807692307693 0.07211538461538461 0.3088942307692308
8 0.2127403846153846 0.8221153846153846 0.08653846153846154 0.34375
8 0.2764423076923077 0.828125 0.10817307692307693 0.3389423076923077
8 0.3545673076923077 0.8365384615384616 0.12620192307692307 0.30649038461538464
8 0.4699519230769231 0.8449519230769231 0.18389423076923078 0.30408653846153844