8 0.9603365384615384 0.7115384615384616 0.07451923076923077 0.34375
8 0.28846153846153844 0.9435096153846154 0.5757211538461539 0.11057692307692307
8 0.09014423076923077 0.703125 0.18028846153846154 0.19471153846153846
8 0.19951923076923078 0.6105769230769231 0.17548076923076922 0.171875
8 0.3293269230769231 0.578125 0.1466346153846154 0.12379807692307693
8 0.7403846153846154 0.53125 0.19471153846153846 0.057692307692307696
4 0.7079326923076923 0.4266826923076923 0.02403846153846154 0.04567307692307692
4 0.6622596153846154 0.4495192307692308 0.02403846153846154 0.07572115384615384
4 0.6298076923076923 0.4387019230769231 0.03245192307692308 0.08173076923076923
4 0.6045673076923077 0.4230769230769231 0.02403846153846154 0.03365384615384615
4 0.5769230769230769 0.4338942307692308 0.028846153846153848 0.06370192307692307
10 0.4639423076923077 0.7704326923076923 0.9278846153846154 0.4543269230769231