19 0.4963942307692308 0.4543269230769231 0.15985576923076922 0.17908653846153846
8 0.8786057692307693 0.7776442307692307 0.23798076923076922 0.3701923076923077
8 0.8425480769230769 0.9146634615384616 0.3125 0.1658653846153846
17 0.07572115384615384 0.8413461538461539 0.15144230769230768 0.3125
15 0.6574519230769231 0.4375 0.11177884615384616 0.5384615384615384
15 0.21754807692307693 0.6237980769230769 0.07451923076923077 0.1658653846153846
15 0.1814903846153846 0.6538461538461539 0.0625 0.06370192307692307
15 0.16947115384615385 0.5384615384615384 0.07211538461538461 0.10096153846153846
15 0.30408653846153844 0.5024038461538461 0.036057692307692304 0.14182692307692307
15 0.24158653846153846 0.5120192307692307 0.07211538461538461 0.11778846153846154
15 0.06490384615384616 0.5048076923076923 0.030048076923076924 0.18389423076923078
8 0.7764423076923077 0.5264423076923077 0.12620192307692307 0.24278846153846154
19 0.7451923076923077 0.4170673076923077 0.09375 0.06610576923076923
15 0.6766826923076923 0.6081730769230769 0.06610576923076923 0.19230769230769232
4 0.8978365384615384 0.5600961538461539 0.015625 0.06370192307692307
4 0.9122596153846154 0.5576923076923077 0.015625 0.052884615384615384
4 0.8846153846153846 0.4855769230769231 0.014423076923076924 0.06370192307692307
4 0.8990384615384616 0.484375 0.014423076923076924 0.06129807692307692
4 0.8834134615384616 0.5612980769230769 0.015625 0.056490384615384616
4 0.8774038461538461 0.41947115384615385 0.014423076923076924 0.06129807692307692
4 0.890625 0.41586538461538464 0.014423076923076924 0.05889423076923077
4 0.9050480769230769 0.41586538461538464 0.014423076923076924 0.052884615384615384
4 0.9158653846153846 0.41586538461538464 0.008413461538461538 0.052884615384615384
4 0.9086538461538461 0.4831730769230769 0.009615384615384616 0.06370192307692307