10 0.8846153846153846 0.5697115384615384 0.22596153846153846 0.21634615384615385
10 0.8245192307692307 0.8485576923076923 0.34615384615384615 0.2980769230769231
10 0.13942307692307693 0.5997596153846154 0.2536057692307692 0.34134615384615385
14 0.9266826923076923 0.3858173076923077 0.11057692307692307 0.17307692307692307
14 0.7824519230769231 0.5348557692307693 0.1622596153846154 0.38100961538461536
14 0.6670673076923077 0.6706730769230769 0.22235576923076922 0.29086538461538464
14 0.6754807692307693 0.8052884615384616 0.2764423076923077 0.3786057692307692
14 0.5168269230769231 0.8894230769230769 0.25 0.21634615384615385
14 0.2920673076923077 0.5096153846153846 0.2920673076923077 0.5865384615384616
14 0.15625 0.3894230769230769 0.08413461538461539 0.13822115384615385
14 0.0625 0.4110576923076923 0.09975961538461539 0.12740384615384615
14 0.03125 0.6875 0.0625 0.6189903846153846