14 0.1622596153846154 0.5997596153846154 0.20432692307692307 0.7944711538461539
14 0.21634615384615385 0.6670673076923077 0.17548076923076922 0.65625
14 0.32091346153846156 0.2920673076923077 0.11057692307692307 0.19471153846153846
14 0.3713942307692308 0.6838942307692307 0.21754807692307693 0.6262019230769231
14 0.41466346153846156 0.36658653846153844 0.10216346153846154 0.23677884615384615
14 0.4375 0.703125 0.1502403846153846 0.46634615384615385
14 0.5324519230769231 0.6057692307692307 0.11057692307692307 0.7836538461538461
14 0.5925480769230769 0.6586538461538461 0.16346153846153846 0.671875
14 0.6574519230769231 0.3293269230769231 0.12379807692307693 0.2644230769230769
14 0.7644230769230769 0.26802884615384615 0.12740384615384615 0.27524038461538464
14 0.6730769230769231 0.7487980769230769 0.15384615384615385 0.4963942307692308
14 0.765625 0.6310096153846154 0.19951923076923078 0.7331730769230769
8 0.9579326923076923 0.6466346153846154 0.07572115384615384 0.2692307692307692