1 0.6935096153846154 0.7199519230769231 0.2776442307692308 0.3088942307692308
1 0.5084134615384616 0.7103365384615384 0.1502403846153846 0.29086538461538464
1 0.35336538461538464 0.7572115384615384 0.20552884615384615 0.36778846153846156
14 0.3870192307692308 0.6069711538461539 0.10576923076923077 0.3125
14 0.4963942307692308 0.5336538461538461 0.09975961538461539 0.25600961538461536
14 0.6947115384615384 0.5973557692307693 0.15384615384615385 0.4423076923076923
8 0.4375 0.2512019230769231 0.05048076923076923 0.04807692307692308
8 0.4375 0.2920673076923077 0.056490384615384616 0.08774038461538461
8 0.5637019230769231 0.25721153846153844 0.051682692307692304 0.028846153846153848
8 0.5829326923076923 0.2956730769230769 0.0625 0.07451923076923077
8 0.6334134615384616 0.3401442307692308 0.07572115384615384 0.0985576923076923
17 0.3858173076923077 0.38341346153846156 0.07572115384615384 0.13341346153846154
15 0.5901442307692307 0.46634615384615385 0.04807692307692308 0.08533653846153846
15 0.5444711538461539 0.46634615384615385 0.030048076923076924 0.05889423076923077
15 0.6514423076923077 0.36778846153846156 0.04447115384615385 0.17067307692307693
15 0.9471153846153846 0.3894230769230769 0.10216346153846154 0.22355769230769232
15 0.7824519230769231 0.24639423076923078 0.06610576923076923 0.1622596153846154
19 0.8052884615384616 0.12980769230769232 0.038461538461538464 0.056490384615384616
15 0.49278846153846156 0.40024038461538464 0.10576923076923077 0.10697115384615384