4 0.5024038461538461 0.5733173076923077 0.027644230769230768 0.15865384615384615
4 0.5516826923076923 0.6033653846153846 0.027644230769230768 0.13822115384615385
4 0.5877403846153846 0.5576923076923077 0.027644230769230768 0.15504807692307693
4 0.6057692307692307 0.5673076923076923 0.02403846153846154 0.09014423076923077
4 0.5396634615384616 0.6923076923076923 0.039663461538461536 0.21995192307692307
4 0.41466346153846156 0.6298076923076923 0.021634615384615384 0.08533653846153846
4 0.4110576923076923 0.6935096153846154 0.030048076923076924 0.0985576923076923
4 0.36658653846153844 0.8389423076923077 0.042067307692307696 0.16947115384615385
14 0.5456730769230769 0.47836538461538464 0.171875 0.21153846153846154
14 0.3473557692307692 0.5300480769230769 0.08653846153846154 0.2403846153846154
14 0.2644230769230769 0.5757211538461539 0.10216346153846154 0.3449519230769231
14 0.1875 0.6346153846153846 0.1045673076923077 0.35336538461538464
14 0.10817307692307693 0.6826923076923077 0.20793269230769232 0.49399038461538464
14 0.7331730769230769 0.5132211538461539 0.10576923076923077 0.3016826923076923
14 0.8822115384615384 0.4266826923076923 0.08052884615384616 0.11899038461538461
14 0.7944711538461539 0.6189903846153846 0.2403846153846154 0.49759615384615385
14 0.8533653846153846 0.7079326923076923 0.28966346153846156 0.5288461538461539
10 0.46875 0.7908653846153846 0.5985576923076923 0.41225961538461536
4 0.6358173076923077 0.8004807692307693 0.039663461538461536 0.171875
15 0.5192307692307693 0.22115384615384615 0.12259615384615384 0.20072115384615385