19 0.05048076923076923 0.2283653846153846 0.0985576923076923 0.18389423076923078
14 0.3125 0.17307692307692307 0.06971153846153846 0.17548076923076922
14 0.19831730769230768 0.23918269230769232 0.2956730769230769 0.27524038461538464
14 0.3473557692307692 0.22235576923076922 0.16947115384615385 0.27524038461538464
15 0.47475961538461536 0.16826923076923078 0.054086538461538464 0.09615384615384616
15 0.5324519230769231 0.14423076923076922 0.0625 0.09014423076923077
15 0.7980769230769231 0.10697115384615384 0.16826923076923078 0.14423076923076922
8 0.6358173076923077 0.21514423076923078 0.23197115384615385 0.22716346153846154
17 0.4987980769230769 0.6430288461538461 0.9975961538461539 0.7091346153846154
14 0.6382211538461539 0.5829326923076923 0.6802884615384616 0.46634615384615385
11 0.4206730769230769 0.6983173076923077 0.6382211538461539 0.24519230769230768