6 0.5925480769230769 0.796875 0.8125 0.39903846153846156
14 0.07692307692307693 0.7247596153846154 0.06971153846153846 0.18629807692307693
14 0.026442307692307692 0.6778846153846154 0.038461538461538464 0.0985576923076923
14 0.1201923076923077 0.6646634615384616 0.015625 0.06490384615384616
16 0.03245192307692308 0.7896634615384616 0.04447115384615385 0.10576923076923077
16 0.265625 0.6009615384615384 0.06370192307692307 0.09254807692307693
16 0.34375 0.5901442307692307 0.051682692307692304 0.06490384615384616
16 0.5564903846153846 0.5492788461538461 0.09014423076923077 0.13942307692307693
16 0.6274038461538461 0.4951923076923077 0.10216346153846154 0.10576923076923077
16 0.7019230769230769 0.5492788461538461 0.14423076923076922 0.25721153846153844
16 0.8834134615384616 0.5745192307692307 0.2283653846153846 0.28125
6 0.28725961538461536 0.7079326923076923 0.32211538461538464 0.21394230769230768