10 0.5204326923076923 0.7355769230769231 0.9302884615384616 0.5168269230769231
10 0.44711538461538464 0.41586538461538464 0.27403846153846156 0.11658653846153846
14 0.7079326923076923 0.3954326923076923 0.171875 0.38100961538461536
14 0.8798076923076923 0.6201923076923077 0.2283653846153846 0.6274038461538461
14 0.7920673076923077 0.46274038461538464 0.19591346153846154 0.47475961538461536
14 0.24519230769230768 0.4326923076923077 0.22596153846153846 0.4326923076923077
14 0.10817307692307693 0.5733173076923077 0.21634615384615385 0.7451923076923077
14 0.4855769230769231 0.1875 0.08774038461538461 0.2247596153846154
14 0.5733173076923077 0.3329326923076923 0.1141826923076923 0.28846153846153844
14 0.2692307692307692 0.33052884615384615 0.09375 0.2824519230769231
14 0.7367788461538461 0.16346153846153846 0.10216346153846154 0.2848557692307692