6 0.5072115384615384 0.5408653846153846 0.6694711538461539 0.6129807692307693
6 0.15625 0.421875 0.3125 0.23677884615384615
6 0.9699519230769231 0.39783653846153844 0.056490384615384616 0.1466346153846154
14 0.0625 0.41466346153846156 0.12259615384615384 0.3425480769230769
14 0.9375 0.4026442307692308 0.06009615384615385 0.234375
6 0.171875 0.7692307692307693 0.34375 0.4567307692307692
14 0.9627403846153846 0.6850961538461539 0.06971153846153846 0.625
14 0.9471153846153846 0.14543269230769232 0.026442307692307692 0.08052884615384616
14 0.7932692307692307 0.14903846153846154 0.030048076923076924 0.06850961538461539
14 0.7584134615384616 0.13822115384615385 0.030048076923076924 0.08413461538461539
14 0.7295673076923077 0.13942307692307693 0.030048076923076924 0.056490384615384616
14 0.6754807692307693 0.13221153846153846 0.020432692307692308 0.054086538461538464
14 0.5372596153846154 0.125 0.026442307692307692 0.056490384615384616
14 0.5625 0.1310096153846154 0.021634615384615384 0.038461538461538464
14 0.5925480769230769 0.13822115384615385 0.014423076923076924 0.042067307692307696
14 0.625 0.140625 0.018028846153846152 0.04807692307692308
14 0.9038461538461539 0.14903846153846154 0.02403846153846154 0.0625