16 0.21875 0.6959134615384616 0.14182692307692307 0.12740384615384615
16 0.359375 0.6322115384615384 0.08173076923076923 0.09014423076923077
16 0.30408653846153844 0.6658653846153846 0.1045673076923077 0.0985576923076923
16 0.8209134615384616 0.6478365384615384 0.057692307692307696 0.10096153846153846
16 0.6814903846153846 0.6394230769230769 0.07572115384615384 0.10096153846153846
16 0.49759615384615385 0.6658653846153846 0.09014423076923077 0.0985576923076923
16 0.5504807692307693 0.6322115384615384 0.06850961538461539 0.09615384615384616
16 0.3713942307692308 0.5576923076923077 0.06610576923076923 0.05889423076923077
16 0.45552884615384615 0.5600961538461539 0.036057692307692304 0.04807692307692308
16 0.7764423076923077 0.6237980769230769 0.042067307692307696 0.06370192307692307
16 0.7379807692307693 0.5528846153846154 0.04807692307692308 0.05048076923076923
16 0.7884615384615384 0.5528846153846154 0.05048076923076923 0.05048076923076923
16 0.5745192307692307 0.5949519230769231 0.054086538461538464 0.06971153846153846