14 0.4831730769230769 0.6141826923076923 0.6502403846153846 0.765625
14 0.9086538461538461 0.4723557692307692 0.078125 0.1658653846153846
14 0.8064903846153846 0.44591346153846156 0.09375 0.12259615384615384
10 0.9002403846153846 0.7896634615384616 0.19591346153846154 0.41586538461538464
10 0.75 0.5216346153846154 0.11658653846153846 0.1045673076923077
10 0.3605769230769231 0.47115384615384615 0.08653846153846154 0.056490384615384616
10 0.3112980769230769 0.6165865384615384 0.21033653846153846 0.2512019230769231
10 0.08173076923076923 0.9278846153846154 0.16346153846153846 0.14423076923076922
10 0.052884615384615384 0.5228365384615384 0.10216346153846154 0.14903846153846154
8 0.90625 0.8185096153846154 0.18389423076923078 0.35697115384615385
8 0.1814903846153846 0.6069711538461539 0.171875 0.2692307692307692
8 0.3004807692307692 0.46634615384615385 0.06370192307692307 0.06370192307692307
8 0.38100961538461536 0.6298076923076923 0.1658653846153846 0.2824519230769231
8 0.08173076923076923 0.5276442307692307 0.09254807692307693 0.17067307692307693
8 0.14903846153846154 0.49278846153846156 0.078125 0.12259615384615384
8 0.24759615384615385 0.5036057692307693 0.11057692307692307 0.06971153846153846
8 0.41346153846153844 0.47716346153846156 0.09375 0.07451923076923077
8 0.4338942307692308 0.515625 0.08774038461538461 0.07211538461538461
8 0.8521634615384616 0.5444711538461539 0.10817307692307693 0.14423076923076922
8 0.03125 0.4543269230769231 0.0625 0.013221153846153846