6 0.8305288461538461 0.7427884615384616 0.25961538461538464 0.15144230769230768
6 0.5817307692307693 0.7427884615384616 0.2800480769230769 0.15144230769230768
6 0.375 0.7487980769230769 0.22956730769230768 0.13341346153846154
6 0.19591346153846154 0.7487980769230769 0.23197115384615385 0.12259615384615384
6 0.0985576923076923 0.7163461538461539 0.1622596153846154 0.1622596153846154
14 0.9050480769230769 0.6538461538461539 0.042067307692307696 0.08533653846153846
14 0.8653846153846154 0.6586538461538461 0.018028846153846152 0.021634615384615384
14 0.8245192307692307 0.65625 0.021634615384615384 0.026442307692307692
14 0.7908653846153846 0.6622596153846154 0.018028846153846152 0.02403846153846154
14 0.24519230769230768 0.6778846153846154 0.021634615384615384 0.026442307692307692
14 0.2644230769230769 0.6838942307692307 0.018028846153846152 0.02403846153846154