6 0.43990384615384615 0.6141826923076923 0.8125 0.5733173076923077
14 0.8786057692307693 0.3473557692307692 0.021634615384615384 0.08653846153846154
14 0.9158653846153846 0.32572115384615385 0.020432692307692308 0.04447115384615385
14 0.8233173076923077 0.33774038461538464 0.014423076923076924 0.0625
6 0.8725961538461539 0.34975961538461536 0.078125 0.06850961538461539
6 0.9483173076923077 0.3786057692307692 0.09975961538461539 0.1141826923076923
14 0.9771634615384616 0.375 0.042067307692307696 0.18028846153846154
6 0.7115384615384616 0.32091346153846156 0.09254807692307693 0.078125
14 0.765625 0.35336538461538464 0.06850961538461539 0.11057692307692307
14 0.8233173076923077 0.43509615384615385 0.05048076923076923 0.12620192307692307
14 0.43028846153846156 0.359375 0.039663461538461536 0.06850961538461539
6 0.41225961538461536 0.11298076923076923 0.11177884615384616 0.15264423076923078