4 0.5084134615384616 0.7247596153846154 0.038461538461538464 0.11778846153846154
14 0.12740384615384615 0.7764423076923077 0.2403846153846154 0.4423076923076923
14 0.7560096153846154 0.7475961538461539 0.22355769230769232 0.44591346153846156
14 0.6177884615384616 0.6310096153846154 0.171875 0.2800480769230769
14 0.5372596153846154 0.38822115384615385 0.078125 0.109375
14 0.056490384615384616 0.6213942307692307 0.10576923076923077 0.3786057692307692
14 0.23677884615384615 0.5973557692307693 0.1502403846153846 0.3737980769230769
14 0.3317307692307692 0.5456730769230769 0.15985576923076922 0.3762019230769231
14 0.42908653846153844 0.39903846153846156 0.04567307692307692 0.109375
14 0.47475961538461536 0.4855769230769231 0.08653846153846154 0.27163461538461536
14 0.640625 0.3942307692307692 0.0625 0.12259615384615384
14 0.7079326923076923 0.4170673076923077 0.03245192307692308 0.0985576923076923
10 0.4951923076923077 0.8521634615384616 0.6862980769230769 0.29086538461538464
10 0.6045673076923077 0.5120192307692307 0.23557692307692307 0.13822115384615385
8 0.8810096153846154 0.8125 0.18990384615384615 0.2800480769230769
8 0.4735576923076923 0.5408653846153846 0.11177884615384616 0.1814903846153846
8 0.6814903846153846 0.5288461538461539 0.078125 0.1310096153846154