5 0.8617788461538461 0.5901442307692307 0.27163461538461536 0.3233173076923077
5 0.34375 0.5853365384615384 0.6165865384615384 0.29447115384615385
6 0.21514423076923078 0.8497596153846154 0.43028846153846156 0.29447115384615385
14 0.9074519230769231 0.7932692307692307 0.14182692307692307 0.40865384615384615
14 0.59375 0.7932692307692307 0.171875 0.40865384615384615
14 0.6778846153846154 0.6574519230769231 0.04447115384615385 0.203125
14 0.6346153846153846 0.6586538461538461 0.057692307692307696 0.20072115384615385
14 0.30649038461538464 0.734375 0.10576923076923077 0.24278846153846154
14 0.2512019230769231 0.6574519230769231 0.06610576923076923 0.13942307692307693
14 0.16947115384615385 0.65625 0.08173076923076923 0.1310096153846154
6 0.20793269230769232 0.703125 0.41586538461538464 0.1814903846153846