4 0.4951923076923077 0.47115384615384615 0.042067307692307696 0.21033653846153846
4 0.5432692307692307 0.5228365384615384 0.05048076923076923 0.22355769230769232
4 0.6033653846153846 0.453125 0.04567307692307692 0.203125
4 0.5865384615384616 0.3389423076923077 0.039663461538461536 0.14423076923076922
4 0.47836538461538464 0.9026442307692307 0.07572115384615384 0.18990384615384615
4 0.5216346153846154 0.8701923076923077 0.06370192307692307 0.2536057692307692
14 0.17908653846153846 0.6310096153846154 0.3581730769230769 0.7331730769230769
14 0.24759615384615385 0.4026442307692308 0.32572115384615385 0.5444711538461539
14 0.39302884615384615 0.33774038461538464 0.15384615384615385 0.3762019230769231
14 0.8894230769230769 0.6237980769230769 0.21754807692307693 0.7463942307692307
14 0.8605769230769231 0.4519230769230769 0.2764423076923077 0.5252403846153846
14 0.7295673076923077 0.375 0.13341346153846154 0.3762019230769231
14 0.6646634615384616 0.23557692307692307 0.08653846153846154 0.2644230769230769
14 0.5757211538461539 0.18509615384615385 0.11177884615384616 0.18389423076923078
14 0.051682692307692304 0.3329326923076923 0.10336538461538461 0.37259615384615385
10 0.5793269230769231 0.625 0.5817307692307693 0.7439903846153846