14 0.8858173076923077 0.5336538461538461 0.051682692307692304 0.15264423076923078
14 0.8449519230769231 0.5324519230769231 0.038461538461538464 0.1502403846153846
14 0.8064903846153846 0.5348557692307693 0.042067307692307696 0.13942307692307693
14 0.7560096153846154 0.24639423076923078 0.039663461538461536 0.06370192307692307
14 0.5084134615384616 0.28966346153846156 0.03365384615384615 0.14182692307692307
14 0.53125 0.2860576923076923 0.030048076923076924 0.14423076923076922
14 0.37259615384615385 0.28966346153846156 0.026442307692307692 0.13581730769230768
14 0.35216346153846156 0.25240384615384615 0.02403846153846154 0.04567307692307692
14 0.28846153846153844 0.28846153846153844 0.036057692307692304 0.13341346153846154
14 0.25721153846153844 0.29927884615384615 0.030048076923076924 0.12860576923076922
14 0.23076923076923078 0.29086538461538464 0.05048076923076923 0.12860576923076922
14 0.1935096153846154 0.2932692307692308 0.038461538461538464 0.14182692307692307
14 0.08052884615384616 0.25240384615384615 0.027644230769230768 0.04567307692307692
14 0.039663461538461536 0.23798076923076922 0.036057692307692304 0.07451923076923077
14 0.6826923076923077 0.2536057692307692 0.021634615384615384 0.03245192307692308
3 0.4987980769230769 0.4963942307692308 0.9975961538461539 0.9915865384615384