1 0.6201923076923077 0.6754807692307693 0.20432692307692307 0.3016826923076923
1 0.5432692307692307 0.6057692307692307 0.18629807692307693 0.2403846153846154
1 0.31850961538461536 0.6213942307692307 0.22355769230769232 0.2824519230769231
14 0.30408653846153844 0.5024038461538461 0.18389423076923078 0.42427884615384615
14 0.5108173076923077 0.4411057692307692 0.11778846153846154 0.21634615384615385
14 0.6141826923076923 0.5228365384615384 0.1875 0.38341346153846156
14 0.03485576923076923 0.32211538461538464 0.054086538461538464 0.13822115384615385
14 0.09254807692307693 0.33052884615384615 0.06610576923076923 0.13341346153846154
14 0.1502403846153846 0.32572115384615385 0.051682692307692304 0.13341346153846154
14 0.09134615384615384 0.47716346153846156 0.13341346153846154 0.2932692307692308
14 0.16947115384615385 0.4855769230769231 0.09975961538461539 0.25600961538461536
14 0.22115384615384615 0.4050480769230769 0.06610576923076923 0.12740384615384615
14 0.6995192307692307 0.34975961538461536 0.06850961538461539 0.11177884615384616
14 0.7632211538461539 0.3485576923076923 0.05048076923076923 0.1141826923076923
14 0.8125 0.44350961538461536 0.06971153846153846 0.3173076923076923
14 0.8713942307692307 0.3605769230769231 0.054086538461538464 0.10096153846153846
14 0.9411057692307693 0.4519230769230769 0.0985576923076923 0.29086538461538464