12 0.8605769230769231 0.6201923076923077 0.2764423076923077 0.44591346153846156
12 0.7019230769230769 0.6358173076923077 0.13581730769230768 0.3557692307692308
12 0.5204326923076923 0.640625 0.10216346153846154 0.43028846153846156
12 0.37740384615384615 0.6682692307692307 0.10216346153846154 0.28966346153846156
12 0.11658653846153846 0.7596153846153846 0.22355769230769232 0.3137019230769231
12 0.19230769230769232 0.6682692307692307 0.09975961538461539 0.31971153846153844
14 0.8509615384615384 0.5012019230769231 0.11057692307692307 0.35216346153846156
14 0.6935096153846154 0.5192307692307693 0.11177884615384616 0.2980769230769231
14 0.5204326923076923 0.53125 0.1201923076923077 0.33413461538461536
14 0.3786057692307692 0.5516826923076923 0.11057692307692307 0.3076923076923077
14 0.1935096153846154 0.5757211538461539 0.09375 0.3016826923076923
14 0.11057692307692307 0.6033653846153846 0.10216346153846154 0.35216346153846156