8 0.17548076923076922 0.375 0.0985576923076923 0.07211538461538461
8 0.3449519230769231 0.390625 0.06610576923076923 0.125
8 0.3786057692307692 0.4230769230769231 0.07451923076923077 0.1201923076923077
8 0.46274038461538464 0.4495192307692308 0.078125 0.13581730769230768
8 0.5384615384615384 0.5 0.08413461538461539 0.1466346153846154
8 0.4014423076923077 0.7728365384615384 0.2764423076923077 0.4483173076923077
8 0.16706730769230768 0.7331730769230769 0.2704326923076923 0.5168269230769231
8 0.13822115384615385 0.5637019230769231 0.13581730769230768 0.3016826923076923
8 0.0733173076923077 0.5288461538461539 0.09375 0.3545673076923077
10 0.2620192307692308 0.6971153846153846 0.33653846153846156 0.5997596153846154
19 0.8125 0.32211538461538464 0.08653846153846154 0.09615384615384616