10 0.4987980769230769 0.6682692307692307 0.5264423076923077 0.4987980769230769
14 0.36177884615384615 0.37740384615384615 0.08774038461538461 0.23197115384615385
14 0.46153846153846156 0.4098557692307692 0.12740384615384615 0.2692307692307692
14 0.5841346153846154 0.41225961538461536 0.13581730769230768 0.2848557692307692
14 0.6887019230769231 0.44591346153846156 0.1658653846153846 0.27163461538461536
14 0.7752403846153846 0.4675480769230769 0.10576923076923077 0.24278846153846154
14 0.7764423076923077 0.6911057692307693 0.40384615384615385 0.6129807692307693
14 0.06971153846153846 0.484375 0.13942307692307693 0.46153846153846156
14 0.17427884615384615 0.43028846153846156 0.19591346153846154 0.4074519230769231
14 0.3737980769230769 0.6550480769230769 0.4362980769230769 0.6694711538461539
8 0.07091346153846154 0.78125 0.14182692307692307 0.421875
8 0.2932692307692308 0.8305288461538461 0.20192307692307693 0.3329326923076923
8 0.10576923076923077 0.8052884615384616 0.11177884615384616 0.3786057692307692