1 0.20673076923076922 0.5480769230769231 0.11778846153846154 0.21875
1 0.4014423076923077 0.5 0.04447115384615385 0.12259615384615384
14 0.20673076923076922 0.4567307692307692 0.11057692307692307 0.3425480769230769
14 0.3173076923076923 0.44591346153846156 0.0625 0.23076923076923078
14 0.3954326923076923 0.46153846153846156 0.06610576923076923 0.18870192307692307
1 0.31490384615384615 0.49399038461538464 0.05048076923076923 0.12259615384615384
14 0.5264423076923077 0.46274038461538464 0.021634615384615384 0.09615384615384616
14 0.5012019230769231 0.46153846153846156 0.030048076923076924 0.09254807692307693
14 0.4375 0.43149038461538464 0.027644230769230768 0.056490384615384616
14 0.5901442307692307 0.46875 0.02403846153846154 0.06009615384615385
14 0.5625 0.4639423076923077 0.02403846153846154 0.06850961538461539
14 0.609375 0.47115384615384615 0.021634615384615384 0.07211538461538461