5 0.5973557692307693 0.8581730769230769 0.7980769230769231 0.1814903846153846
6 0.9639423076923077 0.9555288461538461 0.06850961538461539 0.0829326923076923
6 0.9194711538461539 0.9266826923076923 0.057692307692307696 0.039663461538461536
6 0.7704326923076923 0.9495192307692307 0.3545673076923077 0.09615384615384616
6 0.703125 0.9050480769230769 0.3581730769230769 0.16826923076923078
6 0.4855769230769231 0.9555288461538461 0.13341346153846154 0.0829326923076923
6 0.28725961538461536 0.9579326923076923 0.34615384615384615 0.08052884615384616
6 0.3894230769230769 0.9471153846153846 0.04447115384615385 0.04807692307692308
6 0.10336538461538461 0.9639423076923077 0.18629807692307693 0.06610576923076923
6 0.03245192307692308 0.9591346153846154 0.06370192307692307 0.07692307692307693
14 0.30288461538461536 0.875 0.038461538461538464 0.04807692307692308