14 0.39783653846153844 0.6165865384615384 0.7920673076923077 0.7632211538461539
14 0.4014423076923077 0.6213942307692307 0.25 0.7524038461538461
14 0.4230769230769231 0.4519230769230769 0.33052884615384615 0.6213942307692307
14 0.6983173076923077 0.3858173076923077 0.34375 0.42427884615384615
14 0.7079326923076923 0.5841346153846154 0.38341346153846156 0.8269230769230769
14 0.953125 0.7235576923076923 0.09014423076923077 0.546875
4 0.15144230769230768 0.6514423076923077 0.056490384615384616 0.2800480769230769
4 0.4579326923076923 0.8725961538461539 0.04807692307692308 0.18629807692307693
4 0.8125 0.30408653846153844 0.04567307692307692 0.15985576923076922
4 0.32211538461538464 0.16346153846153846 0.06370192307692307 0.14182692307692307
4 0.4831730769230769 0.41947115384615385 0.038461538461538464 0.125
4 0.5612980769230769 0.6730769230769231 0.07451923076923077 0.17908653846153846
4 0.0733173076923077 0.8629807692307693 0.078125 0.1141826923076923