6 0.5012019230769231 0.7055288461538461 0.8653846153846154 0.30649038461538464
6 0.0733173076923077 0.5264423076923077 0.1466346153846154 0.08413461538461539
6 0.018028846153846152 0.4182692307692308 0.036057692307692304 0.020432692307692308
6 0.054086538461538464 0.41346153846153844 0.06009615384615385 0.018028846153846152
6 0.09254807692307693 0.4110576923076923 0.04807692307692308 0.014423076923076924
6 0.3485576923076923 0.41346153846153844 0.15625 0.042067307692307696
6 0.46153846153846156 0.4098557692307692 0.17668269230769232 0.036057692307692304
6 0.5420673076923077 0.390625 0.06850961538461539 0.021634615384615384
6 0.6213942307692307 0.40865384615384615 0.1622596153846154 0.038461538461538464
6 0.7235576923076923 0.4074519230769231 0.12620192307692307 0.04447115384615385
6 0.8076923076923077 0.4110576923076923 0.15625 0.042067307692307696
6 0.9278846153846154 0.4026442307692308 0.13822115384615385 0.06610576923076923
6 0.9735576923076923 0.421875 0.04807692307692308 0.036057692307692304