10 0.5264423076923077 0.90625 0.6862980769230769 0.17548076923076922
4 0.1466346153846154 0.4891826923076923 0.026442307692307692 0.07692307692307693
4 0.5480769230769231 0.8100961538461539 0.06009615384615385 0.25600961538461536
4 0.6129807692307693 0.9266826923076923 0.03365384615384615 0.14182692307692307
4 0.5637019230769231 0.9170673076923077 0.036057692307692304 0.15985576923076922
10 0.19591346153846154 0.6237980769230769 0.21634615384615385 0.234375
8 0.23677884615384615 0.6346153846153846 0.12259615384615384 0.2512019230769231
8 0.09495192307692307 0.6454326923076923 0.14543269230769232 0.24519230769230768
8 0.8774038461538461 0.8665865384615384 0.21634615384615385 0.2608173076923077
8 0.36177884615384615 0.7920673076923077 0.19951923076923078 0.17067307692307693
8 0.29086538461538464 0.5817307692307693 0.054086538461538464 0.21875
8 0.037259615384615384 0.7560096153846154 0.0625 0.34375