1 0.9122596153846154 0.7115384615384616 0.171875 0.296875
1 0.6262019230769231 0.6574519230769231 0.2283653846153846 0.2668269230769231
1 0.6826923076923077 0.6586538461538461 0.234375 0.2512019230769231
1 0.41947115384615385 0.6346153846153846 0.20192307692307693 0.26322115384615385
1 0.3545673076923077 0.5612980769230769 0.16947115384615385 0.20072115384615385
1 0.2091346153846154 0.5384615384615384 0.1778846153846154 0.26322115384615385
1 0.051682692307692304 0.46153846153846156 0.09975961538461539 0.1971153846153846
14 0.04927884615384615 0.3581730769230769 0.0985576923076923 0.24879807692307693
14 0.2283653846153846 0.4387019230769231 0.13581730769230768 0.32091346153846156
14 0.34975961538461536 0.44711538461538464 0.1045673076923077 0.23677884615384615
14 0.44591346153846156 0.5300480769230769 0.13942307692307693 0.3233173076923077
14 0.6382211538461539 0.5384615384615384 0.15144230769230768 0.28725961538461536
14 0.7067307692307693 0.546875 0.14182692307692307 0.3088942307692308
14 0.9411057692307693 0.6394230769230769 0.1141826923076923 0.3329326923076923
14 0.6754807692307693 0.13341346153846154 0.0625 0.12860576923076922
14 0.6009615384615384 0.12860576923076922 0.06610576923076923 0.1141826923076923
14 0.5060096153846154 0.11057692307692307 0.07211538461538461 0.12620192307692307