16 0.6778846153846154 0.7415865384615384 0.13942307692307693 0.4879807692307692
16 0.5204326923076923 0.5661057692307693 0.09254807692307693 0.33533653846153844
16 0.5528846153846154 0.2512019230769231 0.054086538461538464 0.13822115384615385
16 0.4362980769230769 0.21995192307692307 0.04447115384615385 0.0985576923076923
16 0.8353365384615384 0.42788461538461536 0.22956730769230768 0.28125
16 0.29927884615384615 0.7872596153846154 0.36658653846153844 0.41947115384615385
16 0.33052884615384615 0.5985576923076923 0.33413461538461536 0.36538461538461536
16 0.3942307692307692 0.4387019230769231 0.1201923076923077 0.08653846153846154
16 0.1814903846153846 0.5709134615384616 0.20192307692307693 0.3329326923076923
16 0.09975961538461539 0.4387019230769231 0.19951923076923078 0.3245192307692308
16 0.7956730769230769 0.5444711538461539 0.21995192307692307 0.3473557692307692