14 0.04567307692307692 0.5625 0.09134615384615384 0.42788461538461536
14 0.18269230769230768 0.37259615384615385 0.13822115384615385 0.21033653846153846
14 0.2644230769230769 0.4170673076923077 0.09014423076923077 0.14182692307692307
14 0.43149038461538464 0.5132211538461539 0.0985576923076923 0.43990384615384615
14 0.5 0.6298076923076923 0.15144230769230768 0.4110576923076923
14 0.27163461538461536 0.7752403846153846 0.13942307692307693 0.4074519230769231
14 0.04567307692307692 0.8942307692307693 0.09134615384615384 0.20673076923076922
14 0.14543269230769232 0.8882211538461539 0.12259615384615384 0.21875
14 0.2620192307692308 0.9014423076923077 0.08774038461538461 0.19230769230769232
14 0.3762019230769231 0.8798076923076923 0.12379807692307693 0.234375
14 0.3389423076923077 0.953125 0.11057692307692307 0.08774038461538461
12 0.28966346153846156 0.6189903846153846 0.5793269230769231 0.33413461538461536
14 0.9699519230769231 0.5697115384615384 0.056490384615384616 0.34375
14 0.9555288461538461 0.47836538461538464 0.08413461538461539 0.39783653846153844
14 0.8245192307692307 0.4254807692307692 0.14543269230769232 0.41346153846153844
12 0.7247596153846154 0.33052884615384615 0.18990384615384615 0.5168269230769231