14 0.13942307692307693 0.4050480769230769 0.09615384615384616 0.2283653846153846
14 0.3125 0.42427884615384615 0.1141826923076923 0.3233173076923077
14 0.49759615384615385 0.3918269230769231 0.1141826923076923 0.3581730769230769
14 0.6646634615384616 0.3173076923076923 0.1502403846153846 0.1875
14 0.11658653846153846 0.5240384615384616 0.11778846153846154 0.18028846153846154
14 0.22355769230769232 0.5192307692307693 0.08413461538461539 0.125
14 0.39903846153846156 0.5432692307692307 0.09375 0.265625
14 0.6838942307692307 0.47716346153846156 0.12379807692307693 0.203125
14 0.8209134615384616 0.44471153846153844 0.0985576923076923 0.15745192307692307
12 0.04567307692307692 0.7572115384615384 0.08774038461538461 0.40625
12 0.12860576923076922 0.7415865384615384 0.22956730769230768 0.3954326923076923
12 0.25240384615384615 0.7572115384615384 0.12980769230769232 0.35096153846153844
12 0.3918269230769231 0.7067307692307693 0.19591346153846154 0.3713942307692308
12 0.6442307692307693 0.6634615384615384 0.3076923076923077 0.40865384615384615
12 0.7908653846153846 0.6370192307692307 0.3137019230769231 0.41586538461538464