17 0.5733173076923077 0.6670673076923077 0.8497596153846154 0.6021634615384616
4 0.21514423076923078 0.8149038461538461 0.05048076923076923 0.19951923076923078
4 0.24879807692307693 0.8004807692307693 0.038461538461538464 0.17548076923076922
4 0.26322115384615385 0.7632211538461539 0.038461538461538464 0.17067307692307693
4 0.3137019230769231 0.7776442307692307 0.051682692307692304 0.17908653846153846
4 0.3245192307692308 0.7271634615384616 0.038461538461538464 0.17908653846153846
4 0.22115384615384615 0.6899038461538461 0.030048076923076924 0.06610576923076923
4 0.1814903846153846 0.6682692307692307 0.03245192307692308 0.07211538461538461
4 0.14302884615384615 0.6586538461538461 0.03365384615384615 0.08052884615384616
4 0.09254807692307693 0.6021634615384616 0.038461538461538464 0.1814903846153846
4 0.08413461538461539 0.6586538461538461 0.039663461538461536 0.08533653846153846
4 0.03365384615384615 0.6911057692307693 0.03245192307692308 0.1814903846153846