6 0.49158653846153844 0.5264423076923077 0.9002403846153846 0.6802884615384616
6 0.8209134615384616 0.1346153846153846 0.12620192307692307 0.06610576923076923
6 0.6730769230769231 0.13341346153846154 0.18629807692307693 0.07451923076923077
6 0.7788461538461539 0.34134615384615385 0.4375 0.34134615384615385
6 0.5168269230769231 0.14903846153846154 0.1778846153846154 0.09014423076923077
6 0.25600961538461536 0.1971153846153846 0.25600961538461536 0.15504807692307693
6 0.06490384615384616 0.24879807692307693 0.12980769230769232 0.21634615384615385
6 0.057692307692307696 0.13581730769230768 0.11538461538461539 0.10336538461538461
6 0.16346153846153846 0.13341346153846154 0.1141826923076923 0.09014423076923077
6 0.3016826923076923 0.10817307692307693 0.12379807692307693 0.05048076923076923
6 0.5709134615384616 0.109375 0.09014423076923077 0.06370192307692307
6 0.039663461538461536 0.8221153846153846 0.07932692307692307 0.35096153846153844
14 0.9519230769230769 0.15384615384615385 0.09254807692307693 0.24278846153846154
14 0.8774038461538461 0.09375 0.026442307692307692 0.06370192307692307
14 0.8461538461538461 0.08173076923076923 0.03245192307692308 0.05048076923076923
14 0.7764423076923077 0.08533653846153846 0.04447115384615385 0.06971153846153846
14 0.7355769230769231 0.08653846153846154 0.039663461538461536 0.07692307692307693
14 0.7019230769230769 0.07091346153846154 0.008413461538461538 0.03485576923076923
14 0.6838942307692307 0.07211538461538461 0.03245192307692308 0.05889423076923077
14 0.5769230769230769 0.06610576923076923 0.021634615384615384 0.03245192307692308
14 0.5024038461538461 0.0625 0.020432692307692308 0.03485576923076923
14 0.5384615384615384 0.06129807692307692 0.027644230769230768 0.03245192307692308
14 0.4014423076923077 0.1045673076923077 0.08173076923076923 0.13822115384615385