13 0.08653846153846154 0.7103365384615384 0.06971153846153846 0.17307692307692307
13 0.2247596153846154 0.7067307692307693 0.06610576923076923 0.1971153846153846
14 0.14903846153846154 0.6778846153846154 0.04567307692307692 0.20793269230769232
14 0.1875 0.6754807692307693 0.057692307692307696 0.24278846153846154
14 0.43149038461538464 0.6923076923076923 0.06971153846153846 0.3125
14 0.7764423076923077 0.6610576923076923 0.051682692307692304 0.22355769230769232
14 0.8978365384615384 0.6165865384615384 0.04447115384615385 0.08533653846153846
13 0.3329326923076923 0.7211538461538461 0.057692307692307696 0.16826923076923078
13 0.37259615384615385 0.6971153846153846 0.057692307692307696 0.15144230769230768
13 0.8990384615384616 0.7247596153846154 0.057692307692307696 0.13341346153846154
14 0.3605769230769231 0.6201923076923077 0.030048076923076924 0.0829326923076923
6 0.59375 0.7271634615384616 0.23197115384615385 0.2692307692307692