15 0.7908653846153846 0.6814903846153846 0.09375 0.2620192307692308
15 0.5288461538461539 0.6646634615384616 0.039663461538461536 0.06610576923076923
15 0.5540865384615384 0.6694711538461539 0.037259615384615384 0.0625
15 0.609375 0.6850961538461539 0.06610576923076923 0.08653846153846154
8 0.7211538461538461 0.8930288461538461 0.14182692307692307 0.1814903846153846
8 0.8786057692307693 0.8004807692307693 0.125 0.08052884615384616
8 0.625 0.9074519230769231 0.18389423076923078 0.1814903846153846
8 0.7920673076923077 0.9194711538461539 0.18629807692307693 0.15625
10 0.7980769230769231 0.9050480769230769 0.3918269230769231 0.18629807692307693
14 0.31971153846153844 0.8064903846153846 0.17548076923076922 0.38341346153846156
14 0.47115384615384615 0.6514423076923077 0.1045673076923077 0.0985576923076923
14 0.47475961538461536 0.7980769230769231 0.13822115384615385 0.3161057692307692
14 0.14903846153846154 0.6899038461538461 0.05889423076923077 0.16346153846153846
14 0.19831730769230768 0.6947115384615384 0.05048076923076923 0.14543269230769232