4 0.33052884615384615 0.19591346153846154 0.06009615384615385 0.2644230769230769
4 0.4074519230769231 0.17067307692307693 0.08052884615384616 0.33653846153846156
4 0.49158653846153844 0.16947115384615385 0.078125 0.3329326923076923
4 0.5745192307692307 0.16947115384615385 0.08173076923076923 0.3389423076923077
4 0.6622596153846154 0.16826923076923078 0.08052884615384616 0.33052884615384615
4 0.7451923076923077 0.16826923076923078 0.08173076923076923 0.33653846153846156
4 0.8305288461538461 0.17067307692307693 0.08052884615384616 0.33653846153846156
4 0.9074519230769231 0.16706730769230768 0.06850961538461539 0.3329326923076923
4 0.9711538461538461 0.1658653846153846 0.054086538461538464 0.33052884615384615
4 0.07451923076923077 0.7331730769230769 0.13581730769230768 0.5120192307692307
4 0.18870192307692307 0.7295673076923077 0.13341346153846154 0.4987980769230769
4 0.22355769230769232 0.5649038461538461 0.078125 0.2824519230769231
4 0.30528846153846156 0.7055288461538461 0.12259615384615384 0.5096153846153846
4 0.34615384615384615 0.5084134615384616 0.07211538461538461 0.16826923076923078
4 0.421875 0.71875 0.11658653846153846 0.5144230769230769
4 0.453125 0.46875 0.042067307692307696 0.09615384615384616
4 0.4963942307692308 0.5444711538461539 0.051682692307692304 0.19230769230769232
4 0.5745192307692307 0.46875 0.039663461538461536 0.12740384615384615
4 0.5949519230769231 0.5360576923076923 0.06971153846153846 0.18629807692307693
4 0.7115384615384616 0.5408653846153846 0.06850961538461539 0.1971153846153846
4 0.7139423076923077 0.4963942307692308 0.08413461538461539 0.203125
4 0.828125 0.5120192307692307 0.07211538461538461 0.2403846153846154
4 0.9543269230769231 0.49278846153846156 0.08774038461538461 0.20793269230769232
4 0.5288461538461539 0.7211538461538461 0.11778846153846154 0.4987980769230769
4 0.6430288461538461 0.7199519230769231 0.11057692307692307 0.5012019230769231
4 0.7620192307692307 0.7223557692307693 0.1201923076923077 0.49038461538461536
4 0.8798076923076923 0.7019230769230769 0.1201923076923077 0.5384615384615384
4 0.9663461538461539 0.7247596153846154 0.06370192307692307 0.49038461538461536