5 0.4014423076923077 0.39903846153846156 0.7980769230769231 0.6911057692307693
6 0.8197115384615384 0.47716346153846156 0.06009615384615385 0.12259615384615384
14 0.9855769230769231 0.45072115384615385 0.018028846153846152 0.05889423076923077
14 0.9435096153846154 0.44350961538461536 0.009615384615384616 0.05048076923076923
14 0.9026442307692307 0.4519230769230769 0.014423076923076924 0.056490384615384616
14 0.9170673076923077 0.4411057692307692 0.014423076923076924 0.04567307692307692
14 0.8701923076923077 0.4543269230769231 0.020432692307692308 0.04567307692307692
14 0.671875 0.20432692307692307 0.027644230769230768 0.039663461538461536
14 0.6382211538461539 0.20552884615384615 0.027644230769230768 0.037259615384615384
14 0.5985576923076923 0.18629807692307693 0.036057692307692304 0.042067307692307696
14 0.5564903846153846 0.16826923076923078 0.036057692307692304 0.037259615384615384
14 0.5084134615384616 0.15384615384615385 0.042067307692307696 0.039663461538461536
14 0.45552884615384615 0.13581730769230768 0.036057692307692304 0.04807692307692308
14 0.3954326923076923 0.11658653846153846 0.06610576923076923 0.07211538461538461
14 0.6177884615384616 0.4387019230769231 0.036057692307692304 0.05048076923076923
14 0.6514423076923077 0.42788461538461536 0.027644230769230768 0.056490384615384616