6 0.5168269230769231 0.3786057692307692 0.9615384615384616 0.5709134615384616
13 0.5048076923076923 0.45072115384615385 0.9735576923076923 0.7151442307692307
14 0.9375 0.16346153846153846 0.09375 0.24278846153846154
14 0.2247596153846154 0.12620192307692307 0.10216346153846154 0.17307692307692307
14 0.0985576923076923 0.15504807692307693 0.07211538461538461 0.17548076923076922
14 0.04447115384615385 0.14302884615384615 0.057692307692307696 0.21033653846153846
14 0.7295673076923077 0.18028846153846154 0.08653846153846154 0.20552884615384615
14 0.4567307692307692 0.0829326923076923 0.05048076923076923 0.052884615384615384
14 0.39783653846153844 0.09375 0.039663461538461536 0.037259615384615384
14 0.3293269230769231 0.09735576923076923 0.057692307692307696 0.07211538461538461
14 0.6165865384615384 0.09975961538461539 0.051682692307692304 0.05048076923076923
14 0.6838942307692307 0.1045673076923077 0.027644230769230768 0.05889423076923077
14 0.7139423076923077 0.10817307692307693 0.039663461538461536 0.06610576923076923
14 0.8509615384615384 0.15625 0.054086538461538464 0.1201923076923077
14 0.9867788461538461 0.16346153846153846 0.021634615384615384 0.1622596153846154