8 0.7884615384615384 0.828125 0.25 0.3389423076923077
8 0.3954326923076923 0.6899038461538461 0.1658653846153846 0.2956730769230769
8 0.30528846153846156 0.6442307692307693 0.14182692307692307 0.2536057692307692
8 0.21514423076923078 0.5961538461538461 0.11778846153846154 0.23197115384615385
8 0.16346153846153846 0.5576923076923077 0.10216346153846154 0.18629807692307693
8 0.07932692307692307 0.53125 0.1141826923076923 0.17548076923076922
8 0.037259615384615384 0.5096153846153846 0.07451923076923077 0.15504807692307693
19 0.08533653846153846 0.38100961538461536 0.026442307692307692 0.06971153846153846
19 0.10697115384615384 0.38822115384615385 0.026442307692307692 0.07692307692307693
19 0.14543269230769232 0.390625 0.051682692307692304 0.07692307692307693
19 0.19110576923076922 0.39903846153846156 0.042067307692307696 0.08774038461538461
19 0.22716346153846154 0.40625 0.057692307692307696 0.0985576923076923
19 0.29086538461538464 0.41947115384615385 0.08653846153846154 0.109375
19 0.3894230769230769 0.4338942307692308 0.08774038461538461 0.125
19 0.4855769230769231 0.45913461538461536 0.11658653846153846 0.13822115384615385
19 0.6634615384615384 0.5 0.14423076923076922 0.18389423076923078
19 0.8834134615384616 0.5408653846153846 0.20192307692307693 0.21875