14 0.9038461538461539 0.39302884615384615 0.11658653846153846 0.3016826923076923
9 0.5492788461538461 0.3798076923076923 0.11778846153846154 0.0985576923076923
9 0.38461538461538464 0.37259615384615385 0.1502403846153846 0.109375
9 0.3449519230769231 0.43028846153846156 0.17427884615384615 0.07692307692307693
9 0.078125 0.47596153846153844 0.09975961538461539 0.07692307692307693
9 0.5204326923076923 0.7247596153846154 0.4879807692307692 0.41586538461538464
9 0.26322115384615385 0.8521634615384616 0.4543269230769231 0.29086538461538464
9 0.8858173076923077 0.7680288461538461 0.22355769230769232 0.45913461538461536
9 0.14302884615384615 0.6514423076923077 0.2776442307692308 0.3545673076923077
9 0.5228365384615384 0.9134615384615384 0.4699519230769231 0.16826923076923078
9 0.7463942307692307 0.515625 0.3125 0.21033653846153846
9 0.5913461538461539 0.5084134615384616 0.12980769230769232 0.09375