6 0.5697115384615384 0.5204326923076923 0.4723557692307692 0.234375
14 0.12379807692307693 0.42427884615384615 0.06850961538461539 0.22956730769230768
14 0.7920673076923077 0.4375 0.04807692307692308 0.17548076923076922
14 0.8545673076923077 0.4338942307692308 0.04447115384615385 0.17908653846153846
14 0.8942307692307693 0.43028846153846156 0.06009615384615385 0.19951923076923078
14 0.9795673076923077 0.4362980769230769 0.036057692307692304 0.17908653846153846
14 0.9651442307692307 0.42788461538461536 0.030048076923076924 0.19471153846153846
6 0.23076923076923078 0.4050480769230769 0.15745192307692307 0.09014423076923077
14 0.22956730769230768 0.38822115384615385 0.04447115384615385 0.1310096153846154
14 0.30649038461538464 0.390625 0.04567307692307692 0.14182692307692307
14 0.33052884615384615 0.390625 0.030048076923076924 0.125
6 0.046875 0.3701923076923077 0.09014423076923077 0.10096153846153846
6 0.6947115384615384 0.3798076923076923 0.10216346153846154 0.056490384615384616