10 0.35216346153846156 0.8473557692307693 0.7043269230769231 0.3016826923076923
10 0.5120192307692307 0.6334134615384616 0.4483173076923077 0.4855769230769231
14 0.203125 0.5540865384615384 0.3894230769230769 0.3557692307692308
14 0.2692307692307692 0.46153846153846156 0.2127403846153846 0.24639423076923078
14 0.40384615384615385 0.43149038461538464 0.20552884615384615 0.2403846153846154
14 0.5637019230769231 0.38221153846153844 0.18990384615384615 0.16826923076923078
14 0.7668269230769231 0.40625 0.22115384615384615 0.1875
14 0.9242788461538461 0.41586538461538464 0.1466346153846154 0.10817307692307693
14 0.8521634615384616 0.6165865384615384 0.29086538461538464 0.46153846153846156
14 0.8197115384615384 0.8100961538461539 0.3545673076923077 0.3762019230769231
14 0.06850961538461539 0.2776442307692308 0.0985576923076923 0.12740384615384615