5 0.21875 0.5036057692307693 0.43028846153846156 0.9867788461538461
5 0.4495192307692308 0.49759615384615385 0.09254807692307693 0.43509615384615385
6 0.9314903846153846 0.8725961538461539 0.13221153846153846 0.2512019230769231
6 0.8100961538461539 0.6911057692307693 0.21995192307692307 0.203125
6 0.6201923076923077 0.8040865384615384 0.21995192307692307 0.30649038461538464
6 0.5829326923076923 0.6394230769230769 0.15384615384615385 0.15504807692307693
6 0.5745192307692307 0.5456730769230769 0.09014423076923077 0.06129807692307692
6 0.5649038461538461 0.5036057692307693 0.07451923076923077 0.06370192307692307
6 0.5901442307692307 0.4795673076923077 0.056490384615384616 0.05889423076923077
6 0.7415865384615384 0.5949519230769231 0.12259615384615384 0.13341346153846154
6 0.6838942307692307 0.5384615384615384 0.09254807692307693 0.10096153846153846
6 0.6730769230769231 0.4735576923076923 0.054086538461538464 0.028846153846153848
14 0.7740384615384616 0.47596153846153844 0.02403846153846154 0.0829326923076923
14 0.6754807692307693 0.4375 0.020432692307692308 0.026442307692307692