1 0.29086538461538464 0.4338942307692308 0.12620192307692307 0.38100961538461536
1 0.3954326923076923 0.5745192307692307 0.14182692307692307 0.4110576923076923
1 0.5949519230769231 0.6105769230769231 0.15384615384615385 0.36899038461538464
1 0.7283653846153846 0.3870192307692308 0.11177884615384616 0.33052884615384615
1 0.49278846153846156 0.45072115384615385 0.12259615384615384 0.30649038461538464
1 0.8233173076923077 0.26322115384615385 0.07451923076923077 0.24879807692307693
14 0.7536057692307693 0.2668269230769231 0.17548076923076922 0.45072115384615385
14 0.8617788461538461 0.1778846153846154 0.12259615384615384 0.3557692307692308
14 0.6081730769230769 0.47115384615384615 0.19591346153846154 0.4987980769230769
14 0.41947115384615385 0.4375 0.1814903846153846 0.5793269230769231
14 0.53125 0.28966346153846156 0.1141826923076923 0.453125
14 0.6117788461538461 0.15144230769230768 0.1045673076923077 0.2668269230769231
14 0.43149038461538464 0.0733173076923077 0.15144230769230768 0.1466346153846154
14 0.3449519230769231 0.24759615384615385 0.18629807692307693 0.3629807692307692
14 0.5564903846153846 0.03365384615384615 0.15144230769230768 0.0673076923076923