13 0.890625 0.7079326923076923 0.12620192307692307 0.23798076923076922
13 0.5877403846153846 0.875 0.19951923076923078 0.23197115384615385
13 0.41225961538461536 0.7788461538461539 0.09975961538461539 0.2704326923076923
13 0.15745192307692307 0.7632211538461539 0.10576923076923077 0.20552884615384615
6 0.37259615384615385 0.5793269230769231 0.24759615384615385 0.25240384615384615
6 0.028846153846153848 0.5637019230769231 0.030048076923076924 0.14543269230769232
14 0.8894230769230769 0.5793269230769231 0.13942307692307693 0.33052884615384615
14 0.5925480769230769 0.6959134615384616 0.1814903846153846 0.5480769230769231
14 0.4110576923076923 0.6177884615384616 0.15745192307692307 0.4014423076923077
14 0.15144230769230768 0.6322115384615384 0.12980769230769232 0.37259615384615385
14 0.16826923076923078 0.6069711538461539 0.13942307692307693 0.36899038461538464
14 0.07451923076923077 0.5264423076923077 0.038461538461538464 0.1310096153846154
14 0.04567307692307692 0.5204326923076923 0.039663461538461536 0.1310096153846154