16 0.6730769230769231 0.5360576923076923 0.22235576923076922 0.37740384615384615
16 0.5300480769230769 0.5516826923076923 0.27163461538461536 0.4254807692307692
16 0.4326923076923077 0.5805288461538461 0.2980769230769231 0.4110576923076923
16 0.3894230769230769 0.7019230769230769 0.40625 0.5709134615384616
16 0.27283653846153844 0.7199519230769231 0.38221153846153844 0.5528846153846154
14 0.16346153846153846 0.49759615384615385 0.3269230769230769 0.9951923076923077
14 0.6550480769230769 0.24759615384615385 0.1778846153846154 0.39903846153846156
14 0.84375 0.35336538461538464 0.12740384615384615 0.5865384615384616
14 0.9747596153846154 0.47475961538461536 0.04567307692307692 0.9242788461538461
14 0.3605769230769231 0.2512019230769231 0.13221153846153846 0.4651442307692308
14 0.23557692307692307 0.25961538461538464 0.1201923076923077 0.42908653846153844
16 0.8701923076923077 0.859375 0.25600961538461536 0.27524038461538464